2025-03-07T17:59:46.324457   15   17   2
2025-03-07T17:59:46.328377   19   17   4
2025-03-07T17:59:46.329462   13   14   10
2025-03-07T17:59:46.329462   12   14   7
2025-03-07T17:59:46.329462   15   12   6
2025-03-07T17:59:46.330455   17   13   10
2025-03-07T17:59:46.330455   16   15   3
2025-03-07T17:59:46.330455   14   12   3
2025-03-07T17:59:46.331469   16   16   4
2025-03-07T17:59:46.331469   18   20   8
2025-03-07T17:59:46.331469   18   18   5
2025-03-07T17:59:46.332457   14   20   10
2025-03-07T17:59:46.332457   15   16   8
2025-03-07T17:59:46.332457   12   14   6
2025-03-07T17:59:46.333460   20   19   8
2025-03-07T17:59:46.333460   15   15   5
2025-03-07T17:59:46.334451   11   16   4
2025-03-07T17:59:46.334451   18   11   8
2025-03-07T17:59:46.335377   15   20   8
2025-03-07T17:59:46.335377   10   17   5
2025-03-07T17:59:46.335377   17   15   2
2025-03-07T17:59:46.336457   13   14   7
2025-03-07T17:59:46.336457   16   19   5
2025-03-07T17:59:46.336457   11   12   7
2025-03-07T17:59:46.337456   16   18   5
2025-03-07T17:59:46.337456   12   14   2
2025-03-07T17:59:46.338412   18   18   3
2025-03-07T17:59:46.338412   20   10   9
2025-03-07T17:59:46.338412   10   12   2
2025-03-07T17:59:46.338412   10   20   4
2025-03-07T17:59:46.339473   18   15   9
2025-03-07T17:59:46.339473   11   10   4
2025-03-07T17:59:46.339473   10   19   7
2025-03-07T17:59:46.340461   14   14   3
2025-03-07T17:59:46.340461   15   16   6
2025-03-07T17:59:46.340461   16   17   2
2025-03-07T17:59:46.341465   15   13   9
2025-03-07T17:59:46.341465   16   16   10
2025-03-07T17:59:46.341465   17   20   5
2025-03-07T17:59:46.342377   18   19   6
2025-03-07T17:59:46.342377   19   10   4
2025-03-07T17:59:46.342377   16   13   10
2025-03-07T17:59:46.343457   13   15   5
2025-03-07T17:59:46.343457   20   19   4
2025-03-07T17:59:46.343457   14   13   4
2025-03-07T17:59:46.344464   10   11   5
2025-03-07T17:59:46.344464   19   10   6
2025-03-07T17:59:46.344464   18   12   7
