2025-07-18T15:48:08.918006   13   19   5
2025-07-18T15:48:08.921018   16   13   7
2025-07-18T15:48:08.921018   14   12   7
2025-07-18T15:48:08.922014   19   19   3
2025-07-18T15:48:08.922014   17   15   5
2025-07-18T15:48:08.922014   17   19   2
2025-07-18T15:48:08.923014   17   14   7
2025-07-18T15:48:08.923014   12   15   1
2025-07-18T15:48:08.923014   16   10   1
2025-07-18T15:48:08.924014   16   20   9
2025-07-18T15:48:08.924014   20   10   3
2025-07-18T15:48:08.924014   14   18   6
2025-07-18T15:48:08.925014   20   15   6
2025-07-18T15:48:08.925014   11   14   10
2025-07-18T15:48:08.925014   18   11   5
2025-07-18T15:48:08.926014   20   17   5
2025-07-18T15:48:08.926014   13   16   3
2025-07-18T15:48:08.927014   11   19   1
2025-07-18T15:48:08.928014   11   20   3
2025-07-18T15:48:08.928014   10   17   4
2025-07-18T15:48:08.928014   11   20   10
2025-07-18T15:48:08.929014   13   17   3
2025-07-18T15:48:08.929014   13   20   5
2025-07-18T15:48:08.929014   16   13   3
2025-07-18T15:48:08.930014   14   16   5
2025-07-18T15:48:08.930014   19   18   8
2025-07-18T15:48:08.930014   18   16   5
2025-07-18T15:48:08.931015   17   17   6
2025-07-18T15:48:08.931015   20   17   7
2025-07-18T15:48:08.931015   19   14   9
2025-07-18T15:48:08.932014   11   20   2
2025-07-18T15:48:08.932014   16   16   7
2025-07-18T15:48:08.933014   13   19   2
2025-07-18T15:48:08.933014   12   17   1
2025-07-18T15:48:08.933014   11   19   4
2025-07-18T15:48:08.934014   11   16   5
2025-07-18T15:48:08.934014   20   17   8
2025-07-18T15:48:08.934014   16   10   3
2025-07-18T15:48:08.934014   20   13   10
2025-07-18T15:48:08.935014   18   11   8
2025-07-18T15:48:08.935014   16   11   8
2025-07-18T15:48:08.936015   19   11   9
2025-07-18T15:48:08.936015   11   20   4
2025-07-18T15:48:08.936015   15   17   8
2025-07-18T15:48:08.936015   20   11   2
2025-07-18T15:48:08.937014   16   20   4
2025-07-18T15:48:08.937014   12   17   7
2025-07-18T15:48:08.937014   17   15   1
2025-07-18T15:49:21.914361   12   20   9
2025-07-18T15:49:21.916359   12   11   5
2025-07-18T15:49:21.916359   15   12   10
2025-07-18T15:49:21.917362   16   13   2
2025-07-18T15:49:21.917362   16   20   2
2025-07-18T15:49:21.917362   16   12   6
2025-07-18T15:49:21.918362   14   15   3
2025-07-18T15:49:21.918362   14   10   8
2025-07-18T15:49:21.918362   10   19   7
2025-07-18T15:49:21.919357   18   13   2
2025-07-18T15:49:21.919357   16   12   1
2025-07-18T15:49:21.919357   11   16   6
2025-07-18T15:49:21.920361   15   10   8
2025-07-18T15:49:21.920361   15   18   6
2025-07-18T15:49:21.920361   14   15   6
2025-07-18T15:49:21.920361   20   17   2
2025-07-18T15:49:21.921361   13   11   2
2025-07-18T15:49:21.921361   14   14   10
2025-07-18T15:49:21.921361   10   20   7
2025-07-18T15:49:21.922361   14   19   10
2025-07-18T15:49:21.922361   15   20   2
2025-07-18T15:49:21.922361   17   18   2
2025-07-18T15:49:21.923356   20   10   4
2025-07-18T15:49:21.923356   13   20   1
2025-07-18T15:49:21.923356   16   15   9
2025-07-18T15:49:21.923356   16   14   7
2025-07-18T15:49:21.924365   20   15   9
2025-07-18T15:49:21.924365   10   18   3
2025-07-18T15:49:21.924365   17   17   2
2025-07-18T15:49:21.925360   10   12   6
2025-07-18T15:49:21.925360   13   14   1
2025-07-18T15:49:21.925360   11   19   7
2025-07-18T15:49:21.926360   16   10   7
2025-07-18T15:49:21.926360   15   14   5
2025-07-18T15:49:21.926360   10   15   10
2025-07-18T15:49:21.927361   14   20   4
2025-07-18T15:49:21.927361   12   14   8
2025-07-18T15:49:21.927361   17   16   10
2025-07-18T15:49:21.927361   15   20   5
2025-07-18T15:49:21.928358   16   19   5
2025-07-18T15:49:21.928358   14   16   1
2025-07-18T15:49:21.928358   19   19   8
2025-07-18T15:49:21.929374   11   15   2
2025-07-18T15:49:21.929374   13   16   8
2025-07-18T15:49:21.929374   17   20   4
2025-07-18T15:49:21.930361   16   20   1
2025-07-18T15:49:21.930361   20   13   8
2025-07-18T15:49:21.930361   12   15   3
2025-07-18T15:50:33.514406   1   3   4
2025-07-18T15:50:49.150664   1   3   4
2025-07-18T15:50:50.608837   1   3   4
2025-07-18T15:50:57.311233   1   3   4
2025-07-18T15:51:04.655903   1   3   4
2025-07-18T15:51:13.514348   16   12   5
2025-07-18T15:51:13.516347   19   19   10
2025-07-18T15:51:13.516347   19   20   7
2025-07-18T15:51:13.516347   14   14   6
2025-07-18T15:51:13.517347   10   16   2
2025-07-18T15:51:13.517347   17   20   9
2025-07-18T15:51:13.518347   12   16   10
2025-07-18T15:51:13.518347   14   11   3
2025-07-18T15:51:13.518347   17   12   9
2025-07-18T15:51:13.519347   11   12   6
2025-07-18T15:51:13.519347   11   14   2
2025-07-18T15:51:13.519347   15   13   8
2025-07-18T15:51:13.520347   15   14   10
2025-07-18T15:51:13.520347   12   12   9
2025-07-18T15:51:13.520347   12   15   10
2025-07-18T15:51:13.541242   17   18   1
2025-07-18T15:51:13.541242   17   10   8
2025-07-18T15:51:13.542311   20   18   2
2025-07-18T15:51:13.542311   15   10   4
2025-07-18T15:51:13.542311   12   10   5
2025-07-18T15:51:13.543329   20   19   10
2025-07-18T15:51:13.543329   18   11   8
2025-07-18T15:51:13.543329   16   10   5
2025-07-18T15:51:13.544329   14   13   1
2025-07-18T15:51:13.544329   20   17   9
2025-07-18T15:51:13.544329   12   12   10
2025-07-18T15:51:13.545329   13   13   1
2025-07-18T15:51:13.545329   16   10   5
2025-07-18T15:51:13.545329   20   11   8
2025-07-18T15:51:13.546329   18   14   6
2025-07-18T15:51:13.546329   10   11   7
2025-07-18T15:51:13.546329   13   20   5
2025-07-18T15:51:13.547329   15   12   3
2025-07-18T15:51:13.547329   12   19   10
2025-07-18T15:51:13.547329   12   12   1
2025-07-18T15:51:13.548329   10   15   2
2025-07-18T15:51:13.548329   12   15   1
2025-07-18T15:51:13.548329   18   11   10
2025-07-18T15:51:13.549329   12   19   2
2025-07-18T15:51:13.549329   11   18   4
2025-07-18T15:51:13.549329   19   17   6
2025-07-18T15:51:13.550329   20   14   1
2025-07-18T15:51:13.550329   20   17   8
2025-07-18T15:51:13.550329   10   18   4
2025-07-18T15:51:13.551329   17   12   9
2025-07-18T15:51:13.551329   13   14   2
2025-07-18T15:51:13.551329   15   11   3
2025-07-18T15:51:13.552329   18   16   10
2025-07-18T15:51:27.318982   17   12   9
2025-07-18T15:51:27.320982   11   10   9
2025-07-18T15:51:27.320982   13   15   2
2025-07-18T15:51:27.320982   20   18   1
2025-07-18T15:51:27.321982   18   16   5
2025-07-18T15:51:27.321982   17   20   2
2025-07-18T15:51:27.321982   18   16   10
2025-07-18T15:51:27.321982   19   12   3
2025-07-18T15:51:27.322982   16   17   9
2025-07-18T15:51:27.322982   16   19   8
2025-07-18T15:51:27.322982   18   14   10
2025-07-18T15:51:27.323982   11   15   10
2025-07-18T15:51:27.323982   18   18   4
2025-07-18T15:51:27.323982   17   16   3
2025-07-18T15:51:27.324822   18   12   1
2025-07-18T15:51:27.325356   17   14   10
2025-07-18T15:51:27.325356   14   19   2
2025-07-18T15:51:27.325867   17   20   7
2025-07-18T15:51:27.325867   16   16   5
2025-07-18T15:51:27.326377   20   15   4
2025-07-18T15:51:27.326377   12   11   10
2025-07-18T15:51:27.326377   16   16   6
2025-07-18T15:51:27.327379   16   12   7
2025-07-18T15:51:27.327379   13   10   5
2025-07-18T15:51:27.327379   13   20   9
2025-07-18T15:51:27.328379   15   12   2
2025-07-18T15:51:27.328379   16   15   2
2025-07-18T15:51:27.328379   14   20   5
2025-07-18T15:51:27.329379   10   17   8
2025-07-18T15:51:27.329379   12   13   7
2025-07-18T15:51:27.329379   13   16   3
2025-07-18T15:51:27.329379   11   14   6
2025-07-18T15:51:27.330379   12   13   1
2025-07-18T15:51:27.330379   13   12   6
2025-07-18T15:51:27.330379   19   16   3
2025-07-18T15:51:27.331379   11   10   1
2025-07-18T15:51:27.331379   20   14   1
2025-07-18T15:51:27.331379   19   12   6
2025-07-18T15:51:27.332379   12   19   1
2025-07-18T15:51:27.332379   17   19   10
2025-07-18T15:51:27.332379   10   19   1
2025-07-18T15:51:27.332379   11   12   8
2025-07-18T15:51:27.333379   13   12   5
2025-07-18T15:51:27.333379   14   10   6
2025-07-18T15:51:27.333379   11   16   7
2025-07-18T15:51:27.334379   17   19   5
2025-07-18T15:51:27.343754   17   15   5
2025-07-18T15:51:27.343754   12   12   10
2025-07-18T15:53:33.555444   15   15   1
2025-07-18T15:53:33.556455   15   13   8
2025-07-18T15:53:33.557455   12   13   5
2025-07-18T15:53:33.557455   19   11   8
2025-07-18T15:53:33.557455   11   16   6
2025-07-18T15:53:33.558455   14   12   5
2025-07-18T15:53:33.558455   10   10   5
2025-07-18T15:53:33.558455   16   19   9
2025-07-18T15:53:33.559454   15   19   6
2025-07-18T15:53:33.559454   13   12   6
2025-07-18T15:53:33.559454   12   17   10
2025-07-18T15:53:33.560454   19   17   2
2025-07-18T15:53:33.560454   13   14   3
2025-07-18T15:53:33.560454   13   17   7
2025-07-18T15:53:33.560454   12   12   6
2025-07-18T15:53:33.561454   12   17   2
2025-07-18T15:53:33.561454   10   16   6
2025-07-18T15:53:33.561454   20   19   6
2025-07-18T15:53:33.562454   19   16   6
2025-07-18T15:53:33.562454   19   15   4
2025-07-18T15:53:33.562454   11   10   7
2025-07-18T15:53:33.562454   14   11   1
2025-07-18T15:53:33.563454   18   15   6
2025-07-18T15:53:33.563454   14   11   3
2025-07-18T15:53:33.563454   19   12   8
2025-07-18T15:53:33.564454   20   17   5
2025-07-18T15:53:33.564454   12   12   6
2025-07-18T15:53:33.564454   12   16   9
2025-07-18T15:53:33.565454   16   18   10
2025-07-18T15:53:33.565454   20   17   2
2025-07-18T15:53:33.565454   13   17   10
2025-07-18T15:53:33.565454   12   15   3
2025-07-18T15:53:33.566454   11   10   6
2025-07-18T15:53:33.566454   13   14   4
2025-07-18T15:53:33.566454   11   10   9
2025-07-18T15:53:33.567454   11   18   9
2025-07-18T15:53:33.567454   17   13   3
2025-07-18T15:53:33.567454   20   19   9
2025-07-18T15:53:33.568454   18   20   3
2025-07-18T15:53:33.568454   14   13   9
2025-07-18T15:53:33.568454   12   16   6
2025-07-18T15:53:33.568454   15   19   8
2025-07-18T15:53:33.569454   10   11   2
2025-07-18T15:53:33.569454   14   19   10
2025-07-18T15:53:33.569454   16   18   3
2025-07-18T15:53:33.570454   16   15   1
2025-07-18T15:53:33.570822   11   12   2
2025-07-18T15:53:33.570822   13   20   1
2025-07-18T15:53:55.779974   13   18   9
2025-07-18T15:53:55.780974   12   10   3
2025-07-18T15:53:55.780974   18   18   3
2025-07-18T15:53:55.781974   18   12   4
2025-07-18T15:53:55.781974   15   14   7
2025-07-18T15:53:55.781974   13   16   1
2025-07-18T15:53:55.782974   16   19   10
2025-07-18T15:53:55.782974   14   14   2
2025-07-18T15:53:55.782974   19   19   10
2025-07-18T15:53:55.783974   13   20   7
2025-07-18T15:53:55.783974   11   14   7
2025-07-18T15:53:55.783974   18   17   8
2025-07-18T15:53:55.784974   14   18   3
2025-07-18T15:53:55.784974   18   12   4
2025-07-18T15:53:55.784974   15   10   10
2025-07-18T15:53:55.784974   10   15   1
2025-07-18T15:53:55.785974   14   14   8
2025-07-18T15:53:55.785974   12   15   4
2025-07-18T15:53:55.785974   14   20   6
2025-07-18T15:53:55.786974   20   16   10
2025-07-18T15:53:55.786974   20   18   1
2025-07-18T15:53:55.787974   11   12   5
2025-07-18T15:53:55.788289   13   11   4
2025-07-18T15:53:55.788289   17   14   4
2025-07-18T15:53:55.788289   17   10   1
2025-07-18T15:53:55.788289   20   18   2
2025-07-18T15:53:55.789292   12   18   9
2025-07-18T15:53:55.789292   12   14   1
2025-07-18T15:53:55.789292   13   20   6
2025-07-18T15:53:55.790292   16   10   4
2025-07-18T15:53:55.790292   16   13   1
2025-07-18T15:53:55.790292   19   13   5
2025-07-18T15:53:55.791292   13   20   6
2025-07-18T15:53:55.791292   13   10   2
2025-07-18T15:53:55.791292   10   17   9
2025-07-18T15:53:55.792292   13   13   7
2025-07-18T15:53:55.792292   18   10   5
2025-07-18T15:53:55.792292   17   18   9
2025-07-18T15:53:55.792292   14   13   1
2025-07-18T15:53:55.793292   13   10   1
2025-07-18T15:53:55.793292   17   16   1
2025-07-18T15:53:55.793292   20   17   8
2025-07-18T15:53:55.794292   13   17   4
2025-07-18T15:53:55.794292   10   20   1
2025-07-18T15:53:55.794292   15   11   1
2025-07-18T15:53:55.795292   18   19   10
2025-07-18T15:53:55.795292   20   19   1
2025-07-18T15:53:55.795292   13   15   9
2025-07-18T15:54:13.652264   19   13   5
2025-07-18T15:54:13.654263   11   19   1
2025-07-18T15:54:13.654263   16   14   9
2025-07-18T15:54:13.654263   10   12   9
2025-07-18T15:54:13.655263   18   17   1
2025-07-18T15:54:13.655263   11   19   3
2025-07-18T15:54:13.655263   17   15   4
2025-07-18T15:54:13.655263   14   18   1
2025-07-18T15:54:13.656263   16   19   5
2025-07-18T15:54:13.656263   15   16   7
2025-07-18T15:54:13.656263   16   12   7
2025-07-18T15:54:13.657321   17   19   6
2025-07-18T15:54:13.657321   14   16   10
2025-07-18T15:54:13.657321   16   16   4
2025-07-18T15:54:13.658362   13   18   1
2025-07-18T15:54:13.658362   15   19   10
2025-07-18T15:54:13.658362   11   19   1
2025-07-18T15:54:13.658362   10   19   4
2025-07-18T15:54:13.659332   19   18   6
2025-07-18T15:54:13.659332   13   14   10
2025-07-18T15:54:13.659332   10   12   3
2025-07-18T15:54:13.660372   15   18   4
2025-07-18T15:54:13.660372   15   20   9
2025-07-18T15:54:13.660372   16   18   7
2025-07-18T15:54:13.661223   11   17   1
2025-07-18T15:54:13.661223   16   12   3
2025-07-18T15:54:13.661810   17   18   1
2025-07-18T15:54:13.662315   13   14   5
2025-07-18T15:54:13.662315   10   13   3
2025-07-18T15:54:13.662315   19   12   4
2025-07-18T15:54:13.662315   13   16   9
2025-07-18T15:54:13.663316   14   16   2
2025-07-18T15:54:13.663316   10   14   4
2025-07-18T15:54:13.663316   14   11   2
2025-07-18T15:54:13.664316   18   15   10
2025-07-18T15:54:13.664316   14   20   3
2025-07-18T15:54:13.664316   12   17   5
2025-07-18T15:54:13.665316   12   13   1
2025-07-18T15:54:13.665316   11   12   4
2025-07-18T15:54:13.665316   12   11   8
2025-07-18T15:54:13.666325   17   18   1
2025-07-18T15:54:13.666325   15   10   2
2025-07-18T15:54:13.666325   16   20   8
2025-07-18T15:54:13.666325   14   15   5
2025-07-18T15:54:13.667316   12   11   6
2025-07-18T15:54:13.667316   10   14   2
2025-07-18T15:54:13.667316   12   19   9
2025-07-18T15:54:13.668316   11   15   5
2025-07-18T15:58:56.693435   1   3   4
2025-07-18T15:59:01.940562   1   3   4
2025-07-18T15:59:05.923838   1   3   4
2025-07-18T15:59:10.270053   1   3   4
2025-07-18T16:04:20.040728   20   13   6
2025-07-18T16:04:20.041729   15   16   7
2025-07-18T16:04:20.042735   11   17   8
2025-07-18T16:04:20.042735   19   11   4
2025-07-18T16:04:20.042735   16   16   7
2025-07-18T16:04:20.043727   14   11   5
2025-07-18T16:04:20.043727   13   19   5
2025-07-18T16:04:20.043727   10   13   9
2025-07-18T16:04:20.044730   16   19   4
2025-07-18T16:04:20.044730   17   19   1
2025-07-18T16:04:20.044730   11   11   1
2025-07-18T16:04:20.045737   16   17   6
2025-07-18T16:04:20.045737   18   12   8
2025-07-18T16:04:20.045737   13   17   8
2025-07-18T16:04:20.046727   15   19   2
2025-07-18T16:04:20.046727   13   20   2
2025-07-18T16:04:20.046727   12   12   5
2025-07-18T16:04:20.046727   16   15   6
2025-07-18T16:04:20.047734   11   16   7
2025-07-18T16:04:20.047734   15   15   7
2025-07-18T16:04:20.047734   11   13   7
2025-07-18T16:04:20.048729   18   14   9
2025-07-18T16:04:20.048729   14   11   1
2025-07-18T16:04:20.048729   20   18   4
2025-07-18T16:04:20.048729   12   20   7
2025-07-18T16:04:20.049732   11   19   7
2025-07-18T16:04:20.049732   15   12   9
2025-07-18T16:04:20.049732   19   11   9
2025-07-18T16:04:20.050730   20   13   8
2025-07-18T16:04:20.050730   16   20   5
2025-07-18T16:04:20.050730   16   16   1
2025-07-18T16:04:20.051729   17   14   2
2025-07-18T16:04:20.051729   10   18   3
2025-07-18T16:04:20.051729   11   15   5
2025-07-18T16:04:20.052728   20   14   10
2025-07-18T16:04:20.052728   10   16   9
2025-07-18T16:04:20.052728   15   20   7
2025-07-18T16:04:20.052728   10   14   4
2025-07-18T16:04:20.053727   13   20   7
2025-07-18T16:04:20.053727   19   18   10
2025-07-18T16:04:20.053727   16   14   7
2025-07-18T16:04:20.054732   10   17   9
2025-07-18T16:04:20.054732   15   10   6
2025-07-18T16:04:20.054732   14   19   3
2025-07-18T16:04:20.055743   10   20   4
2025-07-18T16:04:20.066672   10   14   7
2025-07-18T16:04:20.066672   11   12   3
2025-07-18T16:04:20.067686   16   11   1
2025-07-18T16:32:31.549455   12   11   8
2025-07-18T16:32:31.553566   18   11   6
2025-07-18T16:32:31.553566   14   14   3
2025-07-18T16:32:31.553566   10   11   8
2025-07-18T16:32:31.553566   19   10   3
2025-07-18T16:32:31.553566   17   15   10
2025-07-18T16:32:31.553566   11   13   6
2025-07-18T16:32:31.553566   10   19   1
2025-07-18T16:32:31.553566   16   10   2
2025-07-18T16:32:31.553566   18   11   3
2025-07-18T16:32:31.553566   19   15   5
2025-07-18T16:32:31.553566   19   20   2
2025-07-18T16:32:31.553566   15   18   5
2025-07-18T16:32:31.553566   18   17   1
2025-07-18T16:32:31.553566   14   14   7
2025-07-18T16:32:31.558650   11   13   8
2025-07-18T16:32:31.558650   16   15   6
2025-07-18T16:32:31.558650   13   20   6
2025-07-18T16:32:31.558650   15   12   3
2025-07-18T16:32:31.558650   15   13   7
2025-07-18T16:32:31.558650   14   10   2
2025-07-18T16:32:31.558650   17   13   9
2025-07-18T16:32:31.558650   17   14   6
2025-07-18T16:32:31.558650   16   13   2
2025-07-18T16:32:31.558650   19   12   5
2025-07-18T16:32:31.558650   19   20   7
2025-07-18T16:32:31.558650   16   20   9
2025-07-18T16:32:31.558650   15   19   10
2025-07-18T16:32:31.558650   15   13   9
2025-07-18T16:32:31.558650   18   15   9
2025-07-18T16:32:31.558650   17   17   3
2025-07-18T16:32:31.563654   16   11   3
2025-07-18T16:32:31.563654   14   10   2
2025-07-18T16:32:31.563654   17   20   6
2025-07-18T16:32:31.563654   19   14   6
2025-07-18T16:32:31.563654   14   16   5
2025-07-18T16:32:31.563654   13   10   9
2025-07-18T16:32:31.563654   11   17   7
2025-07-18T16:32:31.563654   17   17   3
2025-07-18T16:32:31.563654   19   20   3
2025-07-18T16:32:31.563654   18   13   9
2025-07-18T16:32:31.563654   17   20   5
2025-07-18T16:32:31.563654   14   19   2
2025-07-18T16:32:31.563654   12   10   5
2025-07-18T16:32:31.563654   13   16   3
2025-07-18T16:32:31.563654   19   16   9
2025-07-18T16:32:31.563654   16   20   1
2025-07-18T16:32:31.563654   16   10   7
2025-07-18T17:25:19.952797   11   20   8
2025-07-18T17:25:19.955048   13   17   10
2025-07-18T17:25:19.956058   15   15   5
2025-07-18T17:25:19.956058   13   20   3
2025-07-18T17:25:19.956058   19   19   5
2025-07-18T17:25:19.957057   12   17   8
2025-07-18T17:25:19.957057   15   10   3
2025-07-18T17:25:19.957057   17   12   10
2025-07-18T17:25:19.958056   13   13   10
2025-07-18T17:25:19.958056   13   16   6
2025-07-18T17:25:19.958056   14   10   8
2025-07-18T17:25:19.959049   12   13   5
2025-07-18T17:25:19.959049   19   15   6
2025-07-18T17:25:19.959049   18   12   7
2025-07-18T17:25:19.960099   11   20   7
2025-07-18T17:25:19.960099   10   13   9
2025-07-18T17:25:19.960099   14   18   9
2025-07-18T17:25:19.961053   12   15   4
2025-07-18T17:25:19.961053   14   14   9
2025-07-18T17:25:19.961053   11   18   9
2025-07-18T17:25:19.962059   10   16   8
2025-07-18T17:25:19.962059   16   12   1
2025-07-18T17:25:19.962059   10   14   9
2025-07-18T17:25:19.963057   18   20   1
2025-07-18T17:25:19.963057   12   19   7
2025-07-18T17:25:19.963057   19   14   10
2025-07-18T17:25:19.964056   16   16   1
2025-07-18T17:25:19.964056   15   10   5
2025-07-18T17:25:19.964056   10   11   9
2025-07-18T17:25:19.965049   10   11   1
2025-07-18T17:25:19.965049   15   11   7
2025-07-18T17:25:19.965049   20   20   10
2025-07-18T17:25:19.965049   10   18   10
2025-07-18T17:25:19.966056   17   18   8
2025-07-18T17:25:19.966056   15   12   2
2025-07-18T17:25:19.966056   15   18   5
2025-07-18T17:25:19.967058   12   14   4
2025-07-18T17:25:19.967058   17   19   6
2025-07-18T17:25:19.967058   14   11   8
2025-07-18T17:25:19.968048   11   16   10
2025-07-18T17:25:19.968048   11   18   1
2025-07-18T17:25:19.968048   20   19   7
2025-07-18T17:25:19.969060   10   13   5
2025-07-18T17:25:19.969060   18   14   10
2025-07-18T17:25:19.969060   13   14   4
2025-07-18T17:25:19.970056   16   16   6
2025-07-18T17:25:19.991180   17   17   2
2025-07-18T17:25:19.991180   17   10   3
2025-07-18T17:26:40.087407   19   18   8
2025-07-18T17:26:40.089409   20   19   10
2025-07-18T17:26:40.089409   15   14   9
2025-07-18T17:26:40.090407   15   19   9
2025-07-18T17:26:40.090407   15   11   7
2025-07-18T17:26:40.090407   13   10   4
2025-07-18T17:26:40.091401   17   17   6
2025-07-18T17:26:40.091401   16   15   7
2025-07-18T17:26:40.091401   14   14   7
2025-07-18T17:26:40.092410   16   17   1
2025-07-18T17:26:40.092410   13   13   7
2025-07-18T17:26:40.092410   14   18   5
2025-07-18T17:26:40.093405   20   12   3
2025-07-18T17:26:40.093405   20   12   10
2025-07-18T17:26:40.093405   12   17   1
2025-07-18T17:26:40.094400   12   10   2
2025-07-18T17:26:40.094400   10   18   6
2025-07-18T17:26:40.094400   15   17   5
2025-07-18T17:26:40.095403   20   11   9
2025-07-18T17:26:40.095403   19   13   1
2025-07-18T17:26:40.095403   15   11   10
2025-07-18T17:26:40.096398   17   19   6
2025-07-18T17:26:40.096398   13   14   6
2025-07-18T17:26:40.096398   14   17   5
2025-07-18T17:26:40.097406   11   13   10
2025-07-18T17:26:40.097406   12   20   8
2025-07-18T17:26:40.097406   19   18   8
2025-07-18T17:26:40.098402   15   13   10
2025-07-18T17:26:40.098402   15   15   7
2025-07-18T17:26:40.098402   13   13   1
2025-07-18T17:26:40.099428   19   14   4
2025-07-18T17:26:40.099428   17   14   5
2025-07-18T17:26:40.099428   20   10   1
2025-07-18T17:26:40.100351   14   16   1
2025-07-18T17:26:40.100351   14   18   10
2025-07-18T17:26:40.100351   11   15   10
2025-07-18T17:26:40.101405   13   17   10
2025-07-18T17:26:40.101405   11   10   10
2025-07-18T17:26:40.101405   18   18   8
2025-07-18T17:26:40.102416   20   13   1
2025-07-18T17:26:40.102416   13   17   6
2025-07-18T17:26:40.102416   11   14   2
2025-07-18T17:26:40.103361   19   11   8
2025-07-18T17:26:40.103361   18   20   7
2025-07-18T17:26:40.103361   16   13   8
2025-07-18T17:26:40.104399   18   17   3
2025-07-18T17:26:40.104399   12   15   7
2025-07-18T17:26:40.104399   19   10   6
2025-07-18T17:27:53.871589   18   13   5
2025-07-18T17:27:53.874589   14   13   10
2025-07-18T17:27:53.874589   18   17   9
2025-07-18T17:27:53.875589   16   18   3
2025-07-18T17:27:53.876600   19   18   1
2025-07-18T17:27:53.876600   14   10   5
2025-07-18T17:27:53.877598   12   11   1
2025-07-18T17:27:53.877598   14   10   9
2025-07-18T17:27:53.878590   13   12   4
2025-07-18T17:27:53.878590   11   19   9
2025-07-18T17:27:53.878590   19   11   1
2025-07-18T17:27:53.879590   11   15   7
2025-07-18T17:27:53.879590   14   17   6
2025-07-18T17:27:53.880590   17   12   8
2025-07-18T17:27:53.880590   12   10   8
2025-07-18T17:27:53.881598   15   13   6
2025-07-18T17:27:53.882590   13   10   1
2025-07-18T17:27:53.882590   19   20   5
2025-07-18T17:27:53.883590   13   20   7
2025-07-18T17:27:53.883590   14   11   5
2025-07-18T17:27:53.884599   11   14   7
2025-07-18T17:27:53.884599   17   13   7
2025-07-18T17:27:53.884599   20   13   6
2025-07-18T17:27:53.885597   12   17   2
2025-07-18T17:27:53.885597   10   15   6
2025-07-18T17:27:53.886598   19   10   10
2025-07-18T17:27:53.886598   20   14   6
2025-07-18T17:27:53.887590   12   10   6
2025-07-18T17:27:53.887590   15   10   10
2025-07-18T17:27:53.888591   11   11   6
2025-07-18T17:27:53.888591   11   14   8
2025-07-18T17:27:53.889598   12   20   2
2025-07-18T17:27:53.889598   18   11   10
2025-07-18T17:27:53.890598   10   18   10
2025-07-18T17:27:53.890598   14   19   5
2025-07-18T17:27:53.891598   19   14   5
2025-07-18T17:27:53.891598   16   20   5
2025-07-18T17:27:53.891598   15   18   9
2025-07-18T17:27:53.892597   10   10   8
2025-07-18T17:27:53.892597   10   19   6
2025-07-18T17:27:53.893590   10   17   9
2025-07-18T17:27:53.894590   10   14   6
2025-07-18T17:27:53.894590   13   16   10
2025-07-18T17:27:53.895598   13   12   1
2025-07-18T17:27:53.895598   11   18   2
2025-07-18T17:27:53.896590   11   18   10
2025-07-18T17:27:53.896590   19   11   2
2025-07-18T17:27:53.896590   13   17   2
2025-07-18T17:28:56.826140   11   17   7
2025-07-18T17:28:56.828140   15   16   6
2025-07-18T17:28:56.829131   11   19   6
2025-07-18T17:28:56.829131   19   10   9
2025-07-18T17:28:56.829131   19   19   10
2025-07-18T17:28:56.830139   17   16   7
2025-07-18T17:28:56.830139   15   12   5
2025-07-18T17:28:56.830139   17   14   2
2025-07-18T17:28:56.832132   16   12   1
2025-07-18T17:28:56.832132   17   17   3
2025-07-18T17:28:56.832132   13   14   7
2025-07-18T17:28:56.833131   14   20   4
2025-07-18T17:28:56.833131   20   16   6
2025-07-18T17:28:56.833131   10   18   4
2025-07-18T17:28:56.834131   19   14   6
2025-07-18T17:28:56.834131   15   13   5
2025-07-18T17:28:56.834131   14   14   7
2025-07-18T17:28:56.835139   12   17   1
2025-07-18T17:28:56.835433   11   16   1
2025-07-18T17:28:56.836477   13   18   4
2025-07-18T17:28:56.837656   11   17   10
2025-07-18T17:28:56.837656   20   18   1
2025-07-18T17:28:56.838469   11   20   10
2025-07-18T17:28:56.838469   17   13   9
2025-07-18T17:28:56.838469   10   20   6
2025-07-18T17:28:56.839469   13   10   4
2025-07-18T17:28:56.839469   17   19   4
2025-07-18T17:28:56.840469   12   14   6
2025-07-18T17:28:56.840469   20   14   4
2025-07-18T17:28:56.840469   17   17   6
2025-07-18T17:28:56.841469   10   13   1
2025-07-18T17:28:56.841469   19   16   9
2025-07-18T17:28:56.842469   14   13   10
2025-07-18T17:28:56.843479   11   17   1
2025-07-18T17:28:56.844479   12   18   9
2025-07-18T17:28:56.844479   19   17   10
2025-07-18T17:28:56.844479   15   16   8
2025-07-18T17:28:56.845469   11   18   7
2025-07-18T17:28:56.845469   12   19   10
2025-07-18T17:28:56.846471   20   12   7
2025-07-18T17:28:56.846471   10   15   1
2025-07-18T17:28:56.846471   10   12   1
2025-07-18T17:28:56.847469   17   15   6
2025-07-18T17:28:56.847469   11   15   3
2025-07-18T17:28:56.847469   18   11   5
2025-07-18T17:28:56.848765   10   12   4
2025-07-18T17:28:56.849779   16   13   9
2025-07-18T17:28:56.849779   20   18   4
2025-07-18T17:30:59.325056   17   11   7
2025-07-18T17:30:59.326056   11   18   9
2025-07-18T17:30:59.327056   19   20   6
2025-07-18T17:30:59.327056   10   14   9
2025-07-18T17:30:59.328055   19   14   5
2025-07-18T17:30:59.328055   13   12   7
2025-07-18T17:30:59.328055   20   19   9
2025-07-18T17:30:59.329055   14   15   9
2025-07-18T17:30:59.329055   17   20   1
2025-07-18T17:30:59.329055   13   13   2
2025-07-18T17:30:59.330056   10   12   2
2025-07-18T17:30:59.330056   11   12   1
2025-07-18T17:30:59.330056   16   16   5
2025-07-18T17:30:59.330056   15   16   6
2025-07-18T17:30:59.331056   18   12   2
2025-07-18T17:30:59.331056   12   10   9
2025-07-18T17:30:59.331056   17   12   10
2025-07-18T17:30:59.332055   15   15   4
2025-07-18T17:30:59.332055   12   19   6
2025-07-18T17:30:59.332055   19   11   5
2025-07-18T17:30:59.333055   13   18   1
2025-07-18T17:30:59.333055   17   16   8
2025-07-18T17:30:59.333055   20   15   10
2025-07-18T17:30:59.334055   15   19   10
2025-07-18T17:30:59.334055   16   17   5
2025-07-18T17:30:59.334055   15   20   2
2025-07-18T17:30:59.335055   13   15   7
2025-07-18T17:30:59.335055   17   19   3
2025-07-18T17:30:59.335055   11   17   6
2025-07-18T17:30:59.336055   13   15   1
2025-07-18T17:30:59.336263   10   18   10
2025-07-18T17:30:59.336263   16   16   1
2025-07-18T17:30:59.336263   11   19   10
2025-07-18T17:30:59.337269   19   10   4
2025-07-18T17:30:59.337269   12   16   5
2025-07-18T17:30:59.337269   20   15   4
2025-07-18T17:30:59.338271   13   13   6
2025-07-18T17:30:59.338271   15   19   6
2025-07-18T17:30:59.338271   14   10   5
2025-07-18T17:30:59.339271   14   16   10
2025-07-18T17:30:59.339271   20   20   6
2025-07-18T17:30:59.339271   13   18   5
2025-07-18T17:30:59.340271   15   15   5
2025-07-18T17:30:59.340271   13   10   5
2025-07-18T17:30:59.340271   11   20   8
2025-07-18T17:30:59.341271   20   14   10
2025-07-18T17:30:59.341271   14   10   7
2025-07-18T17:30:59.341271   10   19   4
