2025-03-08T19:58:48.445429   1   3   4
2025-03-08T19:59:04.143058   17   13   6
2025-03-08T19:59:04.146058   10   16   4
2025-03-08T19:59:04.146058   18   20   6
2025-03-08T19:59:04.147058   17   11   4
2025-03-08T19:59:04.147058   14   15   10
2025-03-08T19:59:04.148058   18   17   1
2025-03-08T19:59:04.148058   10   19   5
2025-03-08T19:59:04.149058   11   18   8
2025-03-08T19:59:04.149058   16   20   9
2025-03-08T19:59:04.150059   18   17   10
2025-03-08T19:59:04.150059   17   10   3
2025-03-08T19:59:04.151058   10   10   8
2025-03-08T19:59:04.151058   18   12   8
2025-03-08T19:59:04.152058   13   20   9
2025-03-08T19:59:04.153058   11   12   5
2025-03-08T19:59:04.153058   17   19   7
2025-03-08T19:59:04.154058   19   17   9
2025-03-08T19:59:04.154058   11   18   3
2025-03-08T19:59:04.155058   14   15   2
2025-03-08T19:59:04.155058   16   10   9
2025-03-08T19:59:04.156058   18   17   10
2025-03-08T19:59:04.156058   10   20   8
2025-03-08T19:59:04.157059   20   12   4
2025-03-08T19:59:04.158059   10   15   8
2025-03-08T19:59:04.159058   18   11   3
2025-03-08T19:59:04.159058   15   10   9
2025-03-08T19:59:04.160059   17   20   10
2025-03-08T19:59:04.161059   15   13   1
2025-03-08T19:59:04.161059   18   14   3
2025-03-08T19:59:04.161059   15   11   7
2025-03-08T19:59:04.162059   20   20   3
2025-03-08T19:59:04.162059   19   17   7
2025-03-08T19:59:04.163059   15   16   6
2025-03-08T19:59:04.163059   12   17   1
2025-03-08T19:59:04.164058   19   20   1
2025-03-08T19:59:04.164058   14   14   7
2025-03-08T19:59:04.165058   17   18   4
2025-03-08T19:59:04.165058   14   10   8
2025-03-08T19:59:04.166059   12   12   9
2025-03-08T19:59:04.166059   15   13   6
2025-03-08T19:59:04.167058   13   17   3
2025-03-08T19:59:04.168058   20   11   6
2025-03-08T19:59:04.168058   17   15   7
2025-03-08T19:59:04.169059   10   15   9
2025-03-08T19:59:04.169059   11   16   8
2025-03-08T19:59:04.170059   18   14   9
2025-03-08T19:59:04.170059   17   15   10
2025-03-08T19:59:04.171058   13   19   4
