2025-03-03T10:22:38.997975   1   3   4
2025-03-03T10:48:03.487739   11   19   3
2025-03-03T10:48:03.489100   19   13   3
2025-03-03T10:48:03.490315   14   10   1
2025-03-03T10:48:03.490315   18   10   5
2025-03-03T10:48:03.490315   19   13   8
2025-03-03T10:48:03.491313   15   14   9
2025-03-03T10:48:03.491313   18   10   7
2025-03-03T10:48:03.491313   11   17   8
2025-03-03T10:48:03.492312   19   15   5
2025-03-03T10:48:03.492312   12   14   3
2025-03-03T10:48:03.492312   16   17   8
2025-03-03T10:48:03.493312   10   10   2
2025-03-03T10:48:03.493312   19   16   3
2025-03-03T10:48:03.493312   10   17   9
2025-03-03T10:48:03.494311   13   13   5
2025-03-03T10:48:03.494311   13   11   6
2025-03-03T10:48:03.494311   10   12   4
2025-03-03T10:48:03.505226   14   17   10
2025-03-03T10:48:03.505226   10   11   1
2025-03-03T10:48:03.506235   13   13   9
2025-03-03T10:48:03.506235   10   19   1
2025-03-03T10:48:03.507236   19   19   4
2025-03-03T10:48:03.507236   18   14   10
2025-03-03T10:48:03.507236   18   12   7
2025-03-03T10:48:03.508226   15   10   4
2025-03-03T10:48:03.508226   12   11   4
2025-03-03T10:48:03.508226   15   19   6
2025-03-03T10:48:03.509226   18   13   1
2025-03-03T10:48:03.509226   19   14   1
2025-03-03T10:48:03.510235   12   15   9
2025-03-03T10:48:03.510235   19   16   6
2025-03-03T10:48:03.510235   13   13   4
2025-03-03T10:48:03.511226   16   19   9
2025-03-03T10:48:03.511226   11   14   7
2025-03-03T10:48:03.511226   11   16   4
2025-03-03T10:48:03.512234   10   17   8
2025-03-03T10:48:03.512234   18   15   7
2025-03-03T10:48:03.512234   16   20   4
2025-03-03T10:48:03.513233   16   17   6
2025-03-03T10:48:03.513233   16   17   4
2025-03-03T10:48:03.513233   18   18   7
2025-03-03T10:48:03.514226   20   20   9
2025-03-03T10:48:03.514226   12   18   5
2025-03-03T10:48:03.514226   18   16   6
2025-03-03T10:48:03.515226   20   13   8
2025-03-03T10:48:03.515226   11   20   9
2025-03-03T10:48:03.515226   15   19   5
2025-03-03T10:48:03.516226   13   15   5
2025-03-03T10:53:25.428948   12   17   2
2025-03-03T10:53:25.430985   17   11   2
2025-03-03T10:53:25.430985   14   14   1
2025-03-03T10:53:25.430985   18   17   5
2025-03-03T10:53:25.431949   13   13   6
2025-03-03T10:53:25.431949   14   14   8
2025-03-03T10:53:25.431949   11   18   10
2025-03-03T10:53:25.432989   17   17   2
2025-03-03T10:53:25.432989   12   14   6
2025-03-03T10:53:25.433945   16   10   1
2025-03-03T10:53:25.433945   10   10   3
2025-03-03T10:53:25.433945   17   13   1
2025-03-03T10:53:25.434944   16   14   4
2025-03-03T10:53:25.434944   17   16   10
2025-03-03T10:53:25.434944   20   12   4
2025-03-03T10:53:25.435990   12   14   2
2025-03-03T10:53:25.435990   16   18   8
2025-03-03T10:53:25.435990   11   11   1
2025-03-03T10:53:25.436998   16   14   3
2025-03-03T10:53:25.436998   12   17   3
2025-03-03T10:53:25.436998   16   11   3
2025-03-03T10:53:25.437948   14   13   4
2025-03-03T10:53:25.437948   15   14   3
2025-03-03T10:53:25.437948   14   11   3
2025-03-03T10:53:25.438994   16   12   10
2025-03-03T10:53:25.438994   10   20   5
2025-03-03T10:53:25.438994   10   11   5
2025-03-03T10:53:25.439988   18   13   4
2025-03-03T10:53:25.439988   11   14   9
2025-03-03T10:53:25.439988   14   15   8
2025-03-03T10:53:25.440915   19   14   5
2025-03-03T10:53:25.440915   20   18   8
2025-03-03T10:53:25.440915   20   16   8
2025-03-03T10:53:25.441991   10   19   1
2025-03-03T10:53:25.441991   10   17   1
2025-03-03T10:53:25.441991   15   13   8
2025-03-03T10:53:25.443002   12   14   9
2025-03-03T10:53:25.443002   13   16   9
2025-03-03T10:53:25.443002   16   14   3
2025-03-03T10:53:25.443986   16   13   1
2025-03-03T10:53:25.443986   19   14   9
2025-03-03T10:53:25.443986   15   14   5
2025-03-03T10:53:25.444994   16   15   3
2025-03-03T10:53:25.444994   12   13   4
2025-03-03T10:53:25.444994   19   18   10
2025-03-03T10:53:25.445995   11   20   8
2025-03-03T10:53:25.445995   15   13   3
2025-03-03T10:53:25.445995   11   18   1
2025-03-03T10:54:12.506581   1   3   4
2025-03-03T11:04:33.586064   18   10   5
2025-03-03T11:04:33.588101   12   20   2
2025-03-03T11:04:33.589064   14   17   1
2025-03-03T11:04:33.589064   15   15   6
2025-03-03T11:04:33.590064   12   19   1
2025-03-03T11:04:33.590064   19   16   2
2025-03-03T11:04:33.590064   18   12   3
2025-03-03T11:04:33.591064   17   14   2
2025-03-03T11:04:33.591064   18   13   5
2025-03-03T11:04:33.591064   20   16   6
2025-03-03T11:04:33.592075   18   18   4
2025-03-03T11:04:33.592075   15   12   8
2025-03-03T11:04:33.592075   10   18   1
2025-03-03T11:04:33.593064   20   14   4
2025-03-03T11:04:33.593064   11   19   8
2025-03-03T11:04:33.593064   10   19   9
2025-03-03T11:04:33.594064   17   20   10
2025-03-03T11:04:33.594064   14   19   9
2025-03-03T11:04:33.594064   17   14   4
2025-03-03T11:04:33.595064   20   11   3
2025-03-03T11:04:33.595064   18   16   3
2025-03-03T11:04:33.596064   16   20   10
2025-03-03T11:04:33.596064   14   19   6
2025-03-03T11:04:33.596064   10   18   9
2025-03-03T11:04:33.597064   14   18   7
2025-03-03T11:04:33.597064   20   12   1
2025-03-03T11:04:33.597064   10   12   2
2025-03-03T11:04:33.598064   15   16   3
2025-03-03T11:04:33.598064   19   15   1
2025-03-03T11:04:33.598064   14   18   5
2025-03-03T11:04:33.599064   16   14   6
2025-03-03T11:04:33.599064   20   18   3
2025-03-03T11:04:33.599064   19   13   9
2025-03-03T11:04:33.600064   15   11   3
2025-03-03T11:04:33.600064   12   15   2
2025-03-03T11:04:33.600064   16   13   1
2025-03-03T11:04:33.601106   18   11   5
2025-03-03T11:04:33.601106   16   15   5
2025-03-03T11:04:33.601106   18   17   7
2025-03-03T11:04:33.602065   15   18   1
2025-03-03T11:04:33.602065   17   17   9
2025-03-03T11:04:33.602065   10   12   4
2025-03-03T11:04:33.603064   19   14   7
2025-03-03T11:04:33.603064   20   19   2
2025-03-03T11:04:33.603064   14   14   7
2025-03-03T11:04:33.604065   13   20   4
2025-03-03T11:04:33.604065   16   12   7
2025-03-03T11:04:33.604065   16   18   8
2025-03-03T11:04:45.911675   13   18   6
2025-03-03T11:04:45.912675   20   18   1
2025-03-03T11:04:45.913667   17   15   5
2025-03-03T11:04:45.913667   20   18   5
2025-03-03T11:04:45.913667   10   13   7
2025-03-03T11:04:45.914668   12   12   5
2025-03-03T11:04:45.914668   15   10   8
2025-03-03T11:04:45.914668   17   13   8
2025-03-03T11:04:45.915667   15   20   4
2025-03-03T11:04:45.915667   12   12   2
2025-03-03T11:04:45.916667   12   11   2
2025-03-03T11:04:45.916667   20   13   4
2025-03-03T11:04:45.916667   19   13   8
2025-03-03T11:04:45.917667   10   20   6
2025-03-03T11:04:45.917667   16   15   8
2025-03-03T11:04:45.917667   13   11   5
2025-03-03T11:04:45.918668   19   19   5
2025-03-03T11:04:45.918668   14   15   7
2025-03-03T11:04:45.918668   10   15   7
2025-03-03T11:04:45.919667   18   18   6
2025-03-03T11:04:45.919667   19   13   10
2025-03-03T11:04:45.919667   14   12   4
2025-03-03T11:04:45.920673   12   17   7
2025-03-03T11:04:45.920673   15   15   10
2025-03-03T11:04:45.920673   16   10   10
2025-03-03T11:04:45.921668   19   13   3
2025-03-03T11:04:45.921668   12   20   1
2025-03-03T11:04:45.921668   11   15   6
2025-03-03T11:04:45.922667   13   15   2
2025-03-03T11:04:45.922667   10   14   5
2025-03-03T11:04:45.922667   13   12   4
2025-03-03T11:04:45.923667   11   11   1
2025-03-03T11:04:45.923667   18   13   10
2025-03-03T11:04:45.923667   11   20   3
2025-03-03T11:04:45.924667   19   19   6
2025-03-03T11:04:45.924667   13   10   9
2025-03-03T11:04:45.924667   13   19   9
2025-03-03T11:04:45.925667   12   14   10
2025-03-03T11:04:45.925667   11   18   2
2025-03-03T11:04:45.925667   15   17   7
2025-03-03T11:04:45.926676   18   15   7
2025-03-03T11:04:45.926676   10   19   6
2025-03-03T11:04:45.926676   18   16   6
2025-03-03T11:04:45.927669   13   19   4
2025-03-03T11:04:45.927669   12   17   4
2025-03-03T11:04:45.927669   11   11   10
2025-03-03T11:04:45.928668   13   17   1
2025-03-03T11:04:45.928668   12   20   1
2025-03-03T11:18:48.794536   15   20   10
2025-03-03T11:18:48.796536   18   14   2
2025-03-03T11:18:48.796536   15   18   1
2025-03-03T11:18:48.797537   20   10   6
2025-03-03T11:18:48.797537   14   19   4
2025-03-03T11:18:48.798536   10   18   5
2025-03-03T11:18:48.798536   19   13   5
2025-03-03T11:18:48.798536   11   18   3
2025-03-03T11:18:48.799536   11   16   4
2025-03-03T11:18:48.799536   11   14   6
2025-03-03T11:18:48.800536   14   17   5
2025-03-03T11:18:48.800536   17   20   8
2025-03-03T11:18:48.800536   11   14   7
2025-03-03T11:18:48.801628   11   16   8
2025-03-03T11:18:48.801628   15   18   9
2025-03-03T11:18:48.801628   20   16   10
2025-03-03T11:18:48.802664   19   16   9
2025-03-03T11:18:48.802664   20   10   4
2025-03-03T11:18:48.803665   11   10   3
2025-03-03T11:18:48.803665   18   10   3
2025-03-03T11:18:48.803665   17   14   4
2025-03-03T11:18:48.804664   20   19   7
2025-03-03T11:18:48.804664   20   17   3
2025-03-03T11:18:48.804664   11   14   5
2025-03-03T11:18:48.805664   10   10   5
2025-03-03T11:18:48.805664   14   11   10
2025-03-03T11:18:48.806664   11   12   5
2025-03-03T11:18:48.806664   15   19   5
2025-03-03T11:18:48.806664   19   11   10
2025-03-03T11:18:48.807664   12   16   2
2025-03-03T11:18:48.807664   12   20   10
2025-03-03T11:18:48.807664   17   19   3
2025-03-03T11:18:48.808665   15   15   1
2025-03-03T11:18:48.808665   20   12   2
2025-03-03T11:18:48.808665   15   10   1
2025-03-03T11:18:48.809664   19   19   5
2025-03-03T11:18:48.809664   17   19   8
2025-03-03T11:18:48.810665   13   12   3
2025-03-03T11:18:48.810665   10   15   8
2025-03-03T11:18:48.810665   17   13   4
2025-03-03T11:18:48.811665   14   17   3
2025-03-03T11:18:48.811665   11   11   2
2025-03-03T11:18:48.811665   19   13   7
2025-03-03T11:18:48.812665   14   12   3
2025-03-03T11:18:48.812665   10   20   4
2025-03-03T11:18:48.812665   13   20   1
2025-03-03T11:18:48.813665   12   19   8
2025-03-03T11:18:48.813665   10   10   7
2025-03-03T11:36:59.268800   17   14   3
2025-03-03T11:36:59.270800   10   20   6
2025-03-03T11:36:59.271799   10   11   3
2025-03-03T11:36:59.271799   10   15   4
2025-03-03T11:36:59.271799   16   14   10
2025-03-03T11:36:59.272800   20   19   8
2025-03-03T11:36:59.272800   16   18   5
2025-03-03T11:36:59.273800   14   14   3
2025-03-03T11:36:59.273800   13   13   9
2025-03-03T11:36:59.273800   17   14   2
2025-03-03T11:36:59.274800   15   20   3
2025-03-03T11:36:59.274800   17   15   9
2025-03-03T11:36:59.274800   13   14   1
2025-03-03T11:36:59.275799   12   12   6
2025-03-03T11:36:59.275799   17   14   2
2025-03-03T11:36:59.275799   12   19   3
2025-03-03T11:36:59.276807   12   14   5
2025-03-03T11:36:59.276807   11   20   9
2025-03-03T11:36:59.276807   17   20   1
2025-03-03T11:36:59.277800   10   12   7
2025-03-03T11:36:59.277800   10   16   1
2025-03-03T11:36:59.277800   16   14   4
2025-03-03T11:36:59.278800   17   13   9
2025-03-03T11:36:59.278800   17   19   2
2025-03-03T11:36:59.278800   10   19   9
2025-03-03T11:36:59.279800   20   18   6
2025-03-03T11:36:59.279800   11   17   6
2025-03-03T11:36:59.279800   20   10   10
2025-03-03T11:36:59.280800   13   18   9
2025-03-03T11:36:59.280800   12   19   4
2025-03-03T11:36:59.280800   18   13   10
2025-03-03T11:36:59.282172   18   14   6
2025-03-03T11:36:59.282673   19   18   10
2025-03-03T11:36:59.282673   14   10   9
2025-03-03T11:36:59.282673   20   16   7
2025-03-03T11:36:59.283683   16   15   2
2025-03-03T11:36:59.283683   13   17   6
2025-03-03T11:36:59.283683   12   17   8
2025-03-03T11:36:59.284881   15   18   9
2025-03-03T11:36:59.284881   13   10   8
2025-03-03T11:36:59.285683   10   12   7
2025-03-03T11:36:59.285683   19   14   3
2025-03-03T11:36:59.286683   16   17   5
2025-03-03T11:36:59.286683   10   10   4
2025-03-03T11:36:59.286683   17   18   4
2025-03-03T11:36:59.287683   17   19   7
2025-03-03T11:36:59.287683   16   19   4
2025-03-03T11:36:59.287683   16   17   4
2025-03-03T11:37:37.747997   10   14   4
2025-03-03T11:37:37.749997   18   12   1
2025-03-03T11:37:37.749997   16   17   9
2025-03-03T11:37:37.750997   19   13   8
2025-03-03T11:37:37.750997   16   11   6
2025-03-03T11:37:37.750997   11   15   7
2025-03-03T11:37:37.751997   11   19   5
2025-03-03T11:37:37.751997   12   17   4
2025-03-03T11:37:37.751997   11   19   3
2025-03-03T11:37:37.752997   20   18   4
2025-03-03T11:37:37.752997   15   20   2
2025-03-03T11:37:37.752997   13   14   2
2025-03-03T11:37:37.753997   17   19   3
2025-03-03T11:37:37.753997   12   19   7
2025-03-03T11:37:37.753997   12   10   4
2025-03-03T11:37:37.754997   18   18   4
2025-03-03T11:37:37.755085   13   12   6
2025-03-03T11:37:37.755085   17   11   10
2025-03-03T11:37:37.756321   19   17   10
2025-03-03T11:37:37.756321   13   13   10
2025-03-03T11:37:37.756321   16   19   5
2025-03-03T11:37:37.757316   16   12   9
2025-03-03T11:37:37.757316   11   18   1
2025-03-03T11:37:37.757316   11   18   3
2025-03-03T11:37:37.758282   16   19   6
2025-03-03T11:37:37.758282   13   13   7
2025-03-03T11:37:37.758282   11   12   3
2025-03-03T11:37:37.758282   17   16   7
2025-03-03T11:37:37.759290   18   15   8
2025-03-03T11:37:37.759290   11   17   4
2025-03-03T11:37:37.760281   14   17   7
2025-03-03T11:37:37.760281   16   13   9
2025-03-03T11:37:37.760281   19   20   10
2025-03-03T11:37:37.761281   16   14   7
2025-03-03T11:37:37.761281   19   16   3
2025-03-03T11:37:37.761281   15   13   4
2025-03-03T11:37:37.761281   11   17   4
2025-03-03T11:37:37.762281   14   16   2
2025-03-03T11:37:37.762281   18   15   3
2025-03-03T11:37:37.762281   11   17   5
2025-03-03T11:37:37.763281   15   14   3
2025-03-03T11:37:37.763281   17   10   8
2025-03-03T11:37:37.763281   16   15   3
2025-03-03T11:37:37.764281   20   11   2
2025-03-03T11:37:37.764281   15   20   7
2025-03-03T11:37:37.764281   15   15   9
2025-03-03T11:37:37.765281   11   10   7
2025-03-03T11:37:37.765281   15   10   10
2025-03-03T11:52:38.422407   12   16   8
2025-03-03T11:52:38.423407   12   15   5
2025-03-03T11:52:38.424407   12   19   9
2025-03-03T11:52:38.424407   12   17   6
2025-03-03T11:52:38.424407   18   15   1
2025-03-03T11:52:38.425408   11   12   10
2025-03-03T11:52:38.425408   16   13   8
2025-03-03T11:52:38.426407   12   17   10
2025-03-03T11:52:38.426407   18   19   7
2025-03-03T11:52:38.426407   19   15   2
2025-03-03T11:52:38.427408   14   11   7
2025-03-03T11:52:38.427408   18   14   4
2025-03-03T11:52:38.427408   12   13   9
2025-03-03T11:52:38.428399   11   13   1
2025-03-03T11:52:38.428399   13   14   1
2025-03-03T11:52:38.428399   20   18   10
2025-03-03T11:52:38.429399   19   14   7
2025-03-03T11:52:38.429399   19   20   9
2025-03-03T11:52:38.429399   17   11   2
2025-03-03T11:52:38.430408   18   11   9
2025-03-03T11:52:38.430408   11   15   4
2025-03-03T11:52:38.430408   13   12   1
2025-03-03T11:52:38.431399   15   11   2
2025-03-03T11:52:38.431399   12   16   9
2025-03-03T11:52:38.431399   17   13   3
2025-03-03T11:52:38.432407   15   14   3
2025-03-03T11:52:38.432407   12   18   9
2025-03-03T11:52:38.432407   17   14   4
2025-03-03T11:52:38.433408   16   12   9
2025-03-03T11:52:38.433408   17   18   5
2025-03-03T11:52:38.433408   18   16   9
2025-03-03T11:52:38.434399   12   15   7
2025-03-03T11:52:38.434399   10   17   3
2025-03-03T11:52:38.434399   19   18   8
2025-03-03T11:52:38.435398   11   11   10
2025-03-03T11:52:38.435398   18   14   10
2025-03-03T11:52:38.435398   16   17   7
2025-03-03T11:52:38.436399   14   19   5
2025-03-03T11:52:38.436399   12   19   5
2025-03-03T11:52:38.436399   14   17   1
2025-03-03T11:52:38.437399   10   15   3
2025-03-03T11:52:38.437399   10   15   6
2025-03-03T11:52:38.437399   15   17   7
2025-03-03T11:52:38.438399   14   20   8
2025-03-03T11:52:38.438399   14   20   10
2025-03-03T11:52:38.438399   10   14   2
2025-03-03T11:52:38.439400   17   13   9
2025-03-03T11:52:38.439400   19   12   10
2025-03-03T11:58:47.586585   19   16   5
2025-03-03T11:58:47.588584   17   16   10
2025-03-03T11:58:47.588584   11   20   9
2025-03-03T11:58:47.589585   20   12   10
2025-03-03T11:58:47.589585   12   12   9
2025-03-03T11:58:47.590584   19   10   5
2025-03-03T11:58:47.590584   12   14   3
2025-03-03T11:58:47.590584   17   11   4
2025-03-03T11:58:47.591584   10   18   8
2025-03-03T11:58:47.591584   19   20   9
2025-03-03T11:58:47.591584   11   10   1
2025-03-03T11:58:47.592584   15   17   6
2025-03-03T11:58:47.592584   13   17   6
2025-03-03T11:58:47.592584   11   13   10
2025-03-03T11:58:47.593584   13   15   3
2025-03-03T11:58:47.593584   18   11   9
2025-03-03T11:58:47.593584   15   18   1
2025-03-03T11:58:47.594584   13   18   6
2025-03-03T11:58:47.594584   10   17   4
2025-03-03T11:58:47.594584   15   18   9
2025-03-03T11:58:47.595584   19   14   3
2025-03-03T11:58:47.595584   19   14   9
2025-03-03T11:58:47.595584   13   13   1
2025-03-03T11:58:47.595584   20   15   5
2025-03-03T11:58:47.596584   20   13   2
2025-03-03T11:58:47.596584   13   14   3
2025-03-03T11:58:47.596584   17   11   7
2025-03-03T11:58:47.597584   15   10   10
2025-03-03T11:58:47.597584   19   16   4
2025-03-03T11:58:47.597584   18   18   2
2025-03-03T11:58:47.598584   13   18   4
2025-03-03T11:58:47.598584   13   12   10
2025-03-03T11:58:47.598584   15   12   1
2025-03-03T11:58:47.599584   14   16   2
2025-03-03T11:58:47.599584   20   14   4
2025-03-03T11:58:47.599584   17   17   6
2025-03-03T11:58:47.600584   19   18   5
2025-03-03T11:58:47.600584   11   10   8
2025-03-03T11:58:47.600584   13   20   6
2025-03-03T11:58:47.600584   18   16   8
2025-03-03T11:58:47.601584   13   18   1
2025-03-03T11:58:47.601584   15   14   10
2025-03-03T11:58:47.601584   19   11   10
2025-03-03T11:58:47.602584   10   11   7
2025-03-03T11:58:47.602584   15   20   5
2025-03-03T11:58:47.602584   18   19   9
2025-03-03T11:58:47.603584   19   15   8
2025-03-03T11:58:47.603584   17   14   4
2025-03-03T12:06:23.508325   10   19   8
2025-03-03T12:06:23.510244   12   13   1
2025-03-03T12:06:23.510244   15   14   7
2025-03-03T12:06:23.510244   11   12   10
2025-03-03T12:06:23.511253   12   19   7
2025-03-03T12:06:23.511253   12   14   8
2025-03-03T12:06:23.511253   16   20   2
2025-03-03T12:06:23.512253   15   13   1
2025-03-03T12:06:23.512253   10   14   10
2025-03-03T12:06:23.512253   11   18   10
2025-03-03T12:06:23.513251   10   10   10
2025-03-03T12:06:23.513251   14   15   7
2025-03-03T12:06:23.513251   15   11   10
2025-03-03T12:06:23.514253   11   16   6
2025-03-03T12:06:23.514253   18   15   10
2025-03-03T12:06:23.514253   11   15   10
2025-03-03T12:06:23.515254   20   19   5
2025-03-03T12:06:23.515254   11   17   6
2025-03-03T12:06:23.515254   17   20   6
2025-03-03T12:06:23.516253   17   16   8
2025-03-03T12:06:23.516253   18   10   3
2025-03-03T12:06:23.516253   12   20   6
2025-03-03T12:06:23.517244   15   18   7
2025-03-03T12:06:23.517244   18   17   6
2025-03-03T12:06:23.517244   20   18   8
2025-03-03T12:06:23.518243   18   18   4
2025-03-03T12:06:23.518243   16   10   4
2025-03-03T12:06:23.519244   14   20   4
2025-03-03T12:06:23.519244   15   20   5
2025-03-03T12:06:23.519244   16   16   3
2025-03-03T12:06:23.520252   14   12   7
2025-03-03T12:06:23.520252   13   19   2
2025-03-03T12:06:23.520252   11   17   6
2025-03-03T12:06:23.521252   18   11   10
2025-03-03T12:06:23.521252   12   14   6
2025-03-03T12:06:23.521252   14   17   10
2025-03-03T12:06:23.522252   19   15   5
2025-03-03T12:06:23.522252   11   13   3
2025-03-03T12:06:23.522252   19   15   6
2025-03-03T12:06:23.523252   16   15   1
2025-03-03T12:06:23.523252   19   14   9
2025-03-03T12:06:23.523252   11   17   8
2025-03-03T12:06:23.524244   12   11   2
2025-03-03T12:06:23.524244   20   13   3
2025-03-03T12:06:23.525244   11   11   8
2025-03-03T12:06:23.525244   12   18   8
2025-03-03T12:06:23.525244   15   16   1
2025-03-03T12:06:23.526251   20   12   5
2025-03-03T12:07:46.135291   18   14   6
2025-03-03T12:07:46.136290   12   16   7
2025-03-03T12:07:46.137290   19   16   7
2025-03-03T12:07:46.137290   14   19   3
2025-03-03T12:07:46.138301   11   17   4
2025-03-03T12:07:46.138301   11   10   9
2025-03-03T12:07:46.138301   20   15   8
2025-03-03T12:07:46.139290   16   20   4
2025-03-03T12:07:46.139290   20   16   6
2025-03-03T12:07:46.139290   13   12   4
2025-03-03T12:07:46.140290   12   11   3
2025-03-03T12:07:46.140290   13   19   5
2025-03-03T12:07:46.140290   11   19   5
2025-03-03T12:07:46.141290   16   18   10
2025-03-03T12:07:46.141290   11   18   6
2025-03-03T12:07:46.141290   13   14   8
2025-03-03T12:07:46.141290   18   10   1
2025-03-03T12:07:46.142290   18   12   5
2025-03-03T12:07:46.142290   12   10   5
2025-03-03T12:07:46.142290   15   16   8
2025-03-03T12:07:46.143290   16   10   4
2025-03-03T12:07:46.143290   19   14   7
2025-03-03T12:07:46.144290   15   13   2
2025-03-03T12:07:46.144290   13   13   8
2025-03-03T12:07:46.144290   10   14   10
2025-03-03T12:07:46.145290   17   15   5
2025-03-03T12:07:46.145290   11   17   8
2025-03-03T12:07:46.145290   13   13   8
2025-03-03T12:07:46.145290   10   14   10
2025-03-03T12:07:46.146290   18   10   10
2025-03-03T12:07:46.146290   16   14   6
2025-03-03T12:07:46.146290   15   20   6
2025-03-03T12:07:46.147290   15   18   5
2025-03-03T12:07:46.147290   15   20   5
2025-03-03T12:07:46.147290   16   20   10
2025-03-03T12:07:46.148493   14   17   4
2025-03-03T12:07:46.149001   13   19   8
2025-03-03T12:07:46.149001   14   12   3
2025-03-03T12:07:46.149001   13   19   3
2025-03-03T12:07:46.150006   16   20   4
2025-03-03T12:07:46.150006   15   11   8
2025-03-03T12:07:46.151004   19   20   9
2025-03-03T12:07:46.151004   17   18   7
2025-03-03T12:07:46.151004   15   16   8
2025-03-03T12:07:46.152005   16   15   1
2025-03-03T12:07:46.152005   11   15   10
2025-03-03T12:07:46.152005   17   13   10
2025-03-03T12:07:46.153004   16   18   10
2025-03-03T12:08:02.064430   10   19   8
2025-03-03T12:08:02.066429   11   10   3
2025-03-03T12:08:02.066429   14   10   7
2025-03-03T12:08:02.067429   20   10   2
2025-03-03T12:08:02.067429   19   16   1
2025-03-03T12:08:02.068430   15   16   1
2025-03-03T12:08:02.068430   13   11   9
2025-03-03T12:08:02.068430   11   17   8
2025-03-03T12:08:02.069430   11   18   7
2025-03-03T12:08:02.069430   12   17   4
2025-03-03T12:08:02.069430   19   11   5
2025-03-03T12:08:02.070429   12   13   1
2025-03-03T12:08:02.070429   17   10   2
2025-03-03T12:08:02.070429   19   14   4
2025-03-03T12:08:02.071429   15   10   2
2025-03-03T12:08:02.071429   12   18   3
2025-03-03T12:08:02.071429   17   13   8
2025-03-03T12:08:02.072429   19   11   3
2025-03-03T12:08:02.072429   18   15   10
2025-03-03T12:08:02.072429   17   17   7
2025-03-03T12:08:02.073429   11   18   3
2025-03-03T12:08:02.073429   15   14   2
2025-03-03T12:08:02.073429   12   10   1
2025-03-03T12:08:02.074429   12   14   5
2025-03-03T12:08:02.074429   13   11   1
2025-03-03T12:08:02.074429   10   16   3
2025-03-03T12:08:02.075429   13   17   1
2025-03-03T12:08:02.075429   10   20   10
2025-03-03T12:08:02.075429   11   11   7
2025-03-03T12:08:02.076429   19   20   6
2025-03-03T12:08:02.076429   16   19   9
2025-03-03T12:08:02.076429   20   14   10
2025-03-03T12:08:02.077429   10   12   4
2025-03-03T12:08:02.077429   18   17   9
2025-03-03T12:08:02.078429   12   18   1
2025-03-03T12:08:02.078429   12   17   3
2025-03-03T12:08:02.078429   17   12   3
2025-03-03T12:08:02.079429   11   19   1
2025-03-03T12:08:02.079429   10   12   6
2025-03-03T12:08:02.079429   13   11   9
2025-03-03T12:08:02.080429   19   10   3
2025-03-03T12:08:02.080429   19   12   3
2025-03-03T12:08:02.080429   18   12   10
2025-03-03T12:08:02.081429   16   18   7
2025-03-03T12:08:02.081429   12   15   10
2025-03-03T12:08:02.081429   14   19   3
2025-03-03T12:08:02.082429   19   18   10
2025-03-03T12:08:02.082429   13   12   10
2025-03-03T12:08:31.728357   14   16   3
2025-03-03T12:08:31.730363   10   12   7
2025-03-03T12:08:31.730363   15   11   9
2025-03-03T12:08:31.731357   12   13   6
2025-03-03T12:08:31.731357   18   12   8
2025-03-03T12:08:31.732361   20   10   5
2025-03-03T12:08:31.732361   20   14   3
2025-03-03T12:08:31.732361   19   11   1
2025-03-03T12:08:31.733357   14   10   7
2025-03-03T12:08:31.733357   10   16   7
2025-03-03T12:08:31.734358   13   19   8
2025-03-03T12:08:31.735357   18   18   8
2025-03-03T12:08:31.736357   14   18   8
2025-03-03T12:08:31.736357   11   12   9
2025-03-03T12:08:31.737357   14   11   6
2025-03-03T12:08:31.737357   18   12   3
2025-03-03T12:08:31.738357   17   17   5
2025-03-03T12:08:31.738357   19   17   4
2025-03-03T12:08:31.738357   17   11   5
2025-03-03T12:08:31.739358   19   12   2
2025-03-03T12:08:31.739358   20   18   4
2025-03-03T12:08:31.740357   10   12   7
2025-03-03T12:08:31.740357   17   15   10
2025-03-03T12:08:31.740357   20   12   4
2025-03-03T12:08:31.741357   17   14   5
2025-03-03T12:08:31.741357   18   13   5
2025-03-03T12:08:31.742357   16   10   6
2025-03-03T12:08:31.742357   16   15   7
2025-03-03T12:08:31.742357   14   10   8
2025-03-03T12:08:31.743357   11   11   1
2025-03-03T12:08:31.743357   19   13   4
2025-03-03T12:08:31.744357   20   17   5
2025-03-03T12:08:31.744357   17   12   1
2025-03-03T12:08:31.744357   19   12   6
2025-03-03T12:08:31.745357   20   15   4
2025-03-03T12:08:31.745357   11   20   4
2025-03-03T12:08:31.746357   20   19   6
2025-03-03T12:08:31.746357   13   12   4
2025-03-03T12:08:31.746357   16   10   1
2025-03-03T12:08:31.747357   14   13   7
2025-03-03T12:08:31.747357   20   16   8
2025-03-03T12:08:31.748357   20   15   7
2025-03-03T12:08:31.748357   20   11   5
2025-03-03T12:08:31.749359   10   17   5
2025-03-03T12:08:31.750358   16   20   3
2025-03-03T12:08:31.750358   17   13   8
2025-03-03T12:08:31.751357   15   11   8
2025-03-03T12:08:31.751357   14   15   5
2025-03-03T12:08:53.305264   11   20   10
2025-03-03T12:08:53.307262   18   15   1
2025-03-03T12:08:53.308254   19   12   3
2025-03-03T12:08:53.308254   18   19   3
2025-03-03T12:08:53.308254   11   15   4
2025-03-03T12:08:53.309254   14   11   1
2025-03-03T12:08:53.310254   14   14   4
2025-03-03T12:08:53.310254   16   12   7
2025-03-03T12:08:53.310254   11   15   2
2025-03-03T12:08:53.311254   18   18   1
2025-03-03T12:08:53.311254   14   19   3
2025-03-03T12:08:53.311254   20   10   8
2025-03-03T12:08:53.312254   13   17   7
2025-03-03T12:08:53.312254   14   16   3
2025-03-03T12:08:53.312254   19   16   9
2025-03-03T12:08:53.313256   10   10   10
2025-03-03T12:08:53.313256   19   18   5
2025-03-03T12:08:53.313256   20   20   5
2025-03-03T12:08:53.314254   16   17   5
2025-03-03T12:08:53.314254   14   13   2
2025-03-03T12:08:53.315266   20   20   9
2025-03-03T12:08:53.315266   17   20   9
2025-03-03T12:08:53.315266   11   18   3
2025-03-03T12:08:53.316263   10   20   2
2025-03-03T12:08:53.316263   13   17   2
2025-03-03T12:08:53.316263   20   12   9
2025-03-03T12:08:53.316263   12   16   5
2025-03-03T12:08:53.317270   17   16   4
2025-03-03T12:08:53.317270   16   18   9
2025-03-03T12:08:53.318263   14   14   10
2025-03-03T12:08:53.318263   16   15   1
2025-03-03T12:08:53.318263   18   16   6
2025-03-03T12:08:53.319254   15   18   8
2025-03-03T12:08:53.319254   19   17   10
2025-03-03T12:08:53.319254   12   18   2
2025-03-03T12:08:53.320262   14   18   8
2025-03-03T12:08:53.320262   15   12   4
2025-03-03T12:08:53.320262   10   19   6
2025-03-03T12:08:53.321262   14   10   5
2025-03-03T12:08:53.321262   20   10   3
2025-03-03T12:08:53.321262   20   19   2
2025-03-03T12:08:53.322263   16   14   8
2025-03-03T12:08:53.322263   14   11   6
2025-03-03T12:08:53.322263   15   14   6
2025-03-03T12:08:53.323262   10   12   7
2025-03-03T12:08:53.323262   15   11   9
2025-03-03T12:08:53.323262   12   20   1
2025-03-03T12:08:53.324254   14   14   3
2025-03-03T12:09:39.727057   19   17   5
2025-03-03T12:09:39.729368   13   13   5
2025-03-03T12:09:39.730389   12   11   8
2025-03-03T12:09:39.730389   11   13   10
2025-03-03T12:09:39.731388   15   11   8
2025-03-03T12:09:39.731388   10   13   9
2025-03-03T12:09:39.732389   11   19   2
2025-03-03T12:09:39.732389   15   19   9
2025-03-03T12:09:39.751951   16   10   5
2025-03-03T12:09:39.752920   12   12   6
2025-03-03T12:09:39.753920   17   12   1
2025-03-03T12:09:39.753920   18   15   5
2025-03-03T12:09:39.753920   18   17   5
2025-03-03T12:09:39.754920   20   14   3
2025-03-03T12:09:39.754920   13   18   4
2025-03-03T12:09:39.755958   19   16   5
2025-03-03T12:09:39.755958   19   15   8
2025-03-03T12:09:39.755958   10   11   4
2025-03-03T12:09:39.756921   10   18   8
2025-03-03T12:09:39.756921   14   15   2
2025-03-03T12:09:39.757929   13   20   1
2025-03-03T12:09:39.757929   12   15   5
2025-03-03T12:09:39.757929   18   19   8
2025-03-03T12:09:39.758920   16   14   2
2025-03-03T12:09:39.758920   16   18   8
2025-03-03T12:09:39.759922   13   18   3
2025-03-03T12:09:39.759922   14   18   1
2025-03-03T12:09:39.760929   18   11   8
2025-03-03T12:09:39.760929   12   15   6
2025-03-03T12:09:39.761920   19   16   3
2025-03-03T12:09:39.761920   12   13   3
2025-03-03T12:09:39.761920   15   13   8
2025-03-03T12:09:39.762920   14   20   1
2025-03-03T12:09:39.762920   10   20   2
2025-03-03T12:09:39.763920   18   11   5
2025-03-03T12:09:39.763920   14   14   10
2025-03-03T12:09:39.763920   11   15   7
2025-03-03T12:09:39.764920   15   18   2
2025-03-03T12:09:39.764920   16   18   5
2025-03-03T12:09:39.764920   20   18   2
2025-03-03T12:09:39.765926   17   17   4
2025-03-03T12:09:39.765926   15   12   10
2025-03-03T12:09:39.766920   16   11   6
2025-03-03T12:09:39.766920   15   16   7
2025-03-03T12:09:39.766920   19   20   3
2025-03-03T12:09:39.767920   20   10   4
2025-03-03T12:09:39.767920   20   17   5
2025-03-03T12:09:39.767920   19   12   7
2025-03-03T12:23:52.202342   10   17   2
2025-03-03T12:23:52.204343   10   18   1
2025-03-03T12:23:52.204343   15   13   7
2025-03-03T12:23:52.205341   11   15   7
2025-03-03T12:23:52.205341   20   18   6
2025-03-03T12:23:52.205341   11   11   10
2025-03-03T12:23:52.206341   18   14   3
2025-03-03T12:23:52.206341   12   16   4
2025-03-03T12:23:52.206341   16   18   6
2025-03-03T12:23:52.207333   15   18   9
2025-03-03T12:23:52.207333   10   20   10
2025-03-03T12:23:52.207333   19   16   9
2025-03-03T12:23:52.208333   17   15   6
2025-03-03T12:23:52.208333   20   20   6
2025-03-03T12:23:52.208333   17   15   4
2025-03-03T12:23:52.209343   19   18   7
2025-03-03T12:23:52.209343   19   13   3
2025-03-03T12:23:52.209343   12   15   3
2025-03-03T12:23:52.210343   14   19   6
2025-03-03T12:23:52.210343   17   10   8
2025-03-03T12:23:52.210343   15   15   4
2025-03-03T12:23:52.211341   20   20   4
2025-03-03T12:23:52.211341   10   13   3
2025-03-03T12:23:52.211341   20   13   4
2025-03-03T12:23:52.212342   15   20   6
2025-03-03T12:23:52.212342   18   11   1
2025-03-03T12:23:52.213340   19   12   9
2025-03-03T12:23:52.213340   12   11   4
2025-03-03T12:23:52.213340   13   14   9
2025-03-03T12:23:52.214333   12   14   9
2025-03-03T12:23:52.214333   11   16   7
2025-03-03T12:23:52.214333   10   12   3
2025-03-03T12:23:52.215334   13   18   3
2025-03-03T12:23:52.215334   11   10   10
2025-03-03T12:23:52.215334   19   13   2
2025-03-03T12:23:52.216342   20   19   5
2025-03-03T12:23:52.216342   18   13   9
2025-03-03T12:23:52.216342   19   11   9
2025-03-03T12:23:52.217340   20   13   6
2025-03-03T12:23:52.217340   10   17   7
2025-03-03T12:23:52.217340   11   16   10
2025-03-03T12:23:52.218332   20   16   2
2025-03-03T12:23:52.218332   13   13   10
2025-03-03T12:23:52.218332   18   11   5
2025-03-03T12:23:52.219341   15   13   2
2025-03-03T12:23:52.219341   16   19   3
2025-03-03T12:23:52.219341   20   18   1
2025-03-03T12:23:52.220333   10   18   2
2025-03-03T12:24:01.371028   19   18   5
2025-03-03T12:24:01.372023   14   17   1
2025-03-03T12:24:01.373023   15   14   7
2025-03-03T12:24:01.373023   12   15   5
2025-03-03T12:24:01.374088   11   14   9
2025-03-03T12:24:01.374623   10   17   7
2025-03-03T12:24:01.374623   13   18   1
2025-03-03T12:24:01.375691   20   18   9
2025-03-03T12:24:01.376194   10   16   10
2025-03-03T12:24:01.376194   10   18   5
2025-03-03T12:24:01.376194   16   19   10
2025-03-03T12:24:01.377221   13   11   1
2025-03-03T12:24:01.377221   16   15   7
2025-03-03T12:24:01.377221   14   16   3
2025-03-03T12:24:01.378219   18   17   3
2025-03-03T12:24:01.378219   12   17   5
2025-03-03T12:24:01.379219   10   14   9
2025-03-03T12:24:01.379219   11   11   2
2025-03-03T12:24:01.379219   11   17   8
2025-03-03T12:24:01.380220   11   17   6
2025-03-03T12:24:01.380220   11   17   7
2025-03-03T12:24:01.380220   18   20   5
2025-03-03T12:24:01.381215   14   20   7
2025-03-03T12:24:01.381215   20   15   7
2025-03-03T12:24:01.381215   11   16   9
2025-03-03T12:24:01.382216   20   17   9
2025-03-03T12:24:01.382216   15   14   5
2025-03-03T12:24:01.382216   20   12   10
2025-03-03T12:24:01.383221   16   14   8
2025-03-03T12:24:01.383221   13   18   9
2025-03-03T12:24:01.383221   11   20   10
2025-03-03T12:24:01.384215   10   13   9
2025-03-03T12:24:01.384215   10   20   2
2025-03-03T12:24:01.385218   15   14   1
2025-03-03T12:24:01.385218   20   17   4
2025-03-03T12:24:01.385218   18   13   5
2025-03-03T12:24:01.386234   11   11   6
2025-03-03T12:24:01.386234   17   11   5
2025-03-03T12:24:01.386234   14   19   9
2025-03-03T12:24:01.387220   20   11   5
2025-03-03T12:24:01.387220   15   19   5
2025-03-03T12:24:01.387220   16   20   4
2025-03-03T12:24:01.388214   10   13   9
2025-03-03T12:24:01.388214   20   19   10
2025-03-03T12:24:01.388214   11   16   4
2025-03-03T12:24:01.389220   15   16   6
2025-03-03T12:24:01.389776   16   16   3
2025-03-03T12:24:01.389776   15   12   3
2025-03-03T12:24:27.460709   14   10   5
2025-03-03T12:24:27.463703   11   10   4
2025-03-03T12:24:27.463703   11   15   10
2025-03-03T12:24:27.464710   16   17   2
2025-03-03T12:24:27.464710   14   15   10
2025-03-03T12:24:27.465709   11   20   5
2025-03-03T12:24:27.465709   16   14   10
2025-03-03T12:24:27.465709   12   19   6
2025-03-03T12:24:27.466700   18   18   7
2025-03-03T12:24:27.466700   14   12   9
2025-03-03T12:24:27.467700   17   18   9
2025-03-03T12:24:27.468711   11   15   6
2025-03-03T12:24:27.468711   11   15   8
2025-03-03T12:24:27.469700   20   13   5
2025-03-03T12:24:27.470700   20   14   2
2025-03-03T12:24:27.470700   13   16   7
2025-03-03T12:24:27.471704   20   11   5
2025-03-03T12:24:27.471704   11   13   1
2025-03-03T12:24:27.472700   12   12   4
2025-03-03T12:24:27.473384   17   20   9
2025-03-03T12:24:27.473384   19   20   7
2025-03-03T12:24:27.474387   13   20   6
2025-03-03T12:24:27.474387   13   19   2
2025-03-03T12:24:27.474387   14   20   8
2025-03-03T12:24:27.475390   15   11   7
2025-03-03T12:24:27.475390   10   16   9
2025-03-03T12:24:27.476386   13   17   4
2025-03-03T12:24:27.476386   11   19   9
2025-03-03T12:24:27.477386   12   20   7
2025-03-03T12:24:27.477386   19   17   6
2025-03-03T12:24:27.477386   11   17   10
2025-03-03T12:24:27.478387   14   20   5
2025-03-03T12:24:27.478387   20   20   2
2025-03-03T12:24:27.479386   11   16   6
2025-03-03T12:24:27.479386   14   12   2
2025-03-03T12:24:27.480394   18   11   3
2025-03-03T12:24:27.480394   15   14   3
2025-03-03T12:24:27.480394   11   14   4
2025-03-03T12:24:27.481386   17   12   7
2025-03-03T12:24:27.481386   17   18   10
2025-03-03T12:24:27.482386   19   12   3
2025-03-03T12:24:27.482386   14   12   3
2025-03-03T12:24:27.482386   13   20   9
2025-03-03T12:24:27.483391   18   13   7
2025-03-03T12:24:27.483391   15   15   10
2025-03-03T12:24:27.484387   10   15   1
2025-03-03T12:24:27.484387   12   12   9
2025-03-03T12:24:27.485431   16   16   4
2025-03-03T12:24:40.675398   12   13   7
2025-03-03T12:24:40.680443   14   12   6
2025-03-03T12:24:40.680443   10   18   8
2025-03-03T12:24:40.681946   18   11   4
2025-03-03T12:24:40.682453   11   11   3
2025-03-03T12:24:40.682453   15   11   4
2025-03-03T12:24:40.683537   11   12   4
2025-03-03T12:24:40.683537   17   11   1
2025-03-03T12:24:40.684064   13   18   2
2025-03-03T12:24:40.684788   16   14   9
2025-03-03T12:24:40.685222   16   11   4
2025-03-03T12:24:40.686751   19   10   9
2025-03-03T12:24:40.687258   14   11   6
2025-03-03T12:24:40.687752   18   12   8
2025-03-03T12:24:40.688251   18   13   2
2025-03-03T12:24:40.688598   12   12   8
2025-03-03T12:24:40.689216   18   15   8
2025-03-03T12:24:40.690381   18   20   1
2025-03-03T12:24:40.690381   16   15   4
2025-03-03T12:24:40.690381   18   11   3
2025-03-03T12:24:40.693626   12   11   4
2025-03-03T12:24:40.694127   20   10   2
2025-03-03T12:24:40.694627   15   20   8
2025-03-03T12:24:40.694898   18   17   6
2025-03-03T12:24:40.695398   11   19   6
2025-03-03T12:24:40.695899   16   12   1
2025-03-03T12:24:40.696399   15   19   5
2025-03-03T12:24:41.729359   15   13   4
2025-03-03T12:24:41.731359   14   17   3
2025-03-03T12:24:41.732358   16   15   2
2025-03-03T12:24:41.732358   15   20   8
2025-03-03T12:24:41.733358   10   16   3
2025-03-03T12:24:41.733358   16   11   9
2025-03-03T12:24:41.733358   13   16   2
2025-03-03T12:24:41.734358   18   15   4
2025-03-03T12:24:41.734358   19   18   8
2025-03-03T12:24:41.775722   17   18   2
2025-03-03T12:24:41.776864   14   18   9
2025-03-03T12:24:41.777864   14   17   8
2025-03-03T12:24:41.778864   16   10   9
2025-03-03T12:24:41.779864   18   12   3
2025-03-03T12:24:41.780864   18   15   1
2025-03-03T12:24:41.783864   15   16   5
2025-03-03T12:24:41.784863   16   17   10
2025-03-03T12:24:41.785864   14   12   4
2025-03-03T12:24:41.786864   15   12   2
2025-03-03T12:24:41.787864   18   20   4
2025-03-03T12:24:41.788864   18   12   10
2025-03-03T12:24:41.789864   12   11   3
2025-03-03T12:24:41.790864   19   18   6
2025-03-03T12:24:41.791864   12   12   3
2025-03-03T12:24:41.792864   11   17   5
2025-03-03T12:24:41.793864   20   17   10
2025-03-03T12:24:41.794864   10   19   6
2025-03-03T12:24:41.795864   11   10   6
2025-03-03T12:24:41.796864   16   15   5
2025-03-03T12:24:41.798864   19   18   10
2025-03-03T12:24:41.799864   14   20   5
2025-03-03T12:24:41.799864   19   17   5
2025-03-03T12:24:41.800864   12   15   5
2025-03-03T12:24:41.801863   19   14   2
2025-03-03T12:24:41.802864   10   19   6
2025-03-03T12:24:41.803863   14   14   1
2025-03-03T12:24:41.804863   18   17   3
2025-03-03T12:24:41.805863   17   12   3
2025-03-03T12:24:41.806863   19   20   3
2025-03-03T12:24:41.807863   19   10   10
2025-03-03T12:24:41.808863   12   10   9
2025-03-03T12:24:41.809863   16   19   6
2025-03-03T12:24:41.810863   19   17   10
2025-03-03T12:24:41.811864   11   16   6
2025-03-03T12:24:41.812864   10   14   3
2025-03-03T12:24:41.813863   19   16   5
2025-03-03T12:24:41.814863   18   19   10
2025-03-03T12:24:41.815863   14   12   4
2025-03-03T12:52:38.054265   10   12   3
2025-03-03T12:52:38.056285   15   19   3
2025-03-03T12:52:38.056285   20   17   3
2025-03-03T12:52:38.057294   16   18   1
2025-03-03T12:52:38.057294   19   10   2
2025-03-03T12:52:38.057294   13   19   9
2025-03-03T12:52:38.058273   13   12   7
2025-03-03T12:52:38.058273   19   15   1
2025-03-03T12:52:38.058273   19   16   3
2025-03-03T12:52:38.059273   12   17   4
2025-03-03T12:52:38.059273   20   15   8
2025-03-03T12:52:38.059273   11   14   4
2025-03-03T12:52:38.060235   19   15   1
2025-03-03T12:52:38.060235   11   19   8
2025-03-03T12:52:38.060235   20   14   6
2025-03-03T12:52:38.061276   20   10   5
2025-03-03T12:52:38.061276   13   13   2
2025-03-03T12:52:38.061276   20   13   1
2025-03-03T12:52:38.062281   16   17   10
2025-03-03T12:52:38.062281   19   12   6
2025-03-03T12:52:38.062281   13   17   10
2025-03-03T12:52:38.063275   12   11   3
2025-03-03T12:52:38.063275   12   13   1
2025-03-03T12:52:38.063275   10   17   5
2025-03-03T12:52:38.064278   12   18   7
2025-03-03T12:52:38.064278   13   15   1
2025-03-03T12:52:38.064278   20   14   9
2025-03-03T12:52:38.064278   12   16   10
2025-03-03T12:52:38.065276   18   19   5
2025-03-03T12:52:38.065276   13   12   1
2025-03-03T12:52:38.065276   18   12   7
2025-03-03T12:52:38.066287   14   11   3
2025-03-03T12:52:38.066287   12   11   9
2025-03-03T12:52:38.066287   16   14   10
2025-03-03T12:52:38.067260   12   16   1
2025-03-03T12:52:38.067260   17   13   1
2025-03-03T12:52:38.067260   13   11   7
2025-03-03T12:52:38.068275   15   11   6
2025-03-03T12:52:38.068275   19   13   3
2025-03-03T12:52:38.068275   14   12   7
2025-03-03T12:52:38.069235   11   14   7
2025-03-03T12:52:38.069235   13   17   3
2025-03-03T12:52:38.069235   18   10   6
2025-03-03T12:52:38.070285   12   15   2
2025-03-03T12:52:38.070285   17   10   10
2025-03-03T12:52:38.070285   17   11   8
2025-03-03T12:52:38.071276   18   11   3
2025-03-03T12:52:38.071276   16   10   9
2025-03-03T12:53:20.710841   19   17   5
2025-03-03T12:53:20.712841   20   15   1
2025-03-03T12:53:20.713841   18   18   2
2025-03-03T12:53:20.713841   16   10   8
2025-03-03T12:53:20.713841   19   17   3
2025-03-03T12:53:20.714840   17   16   7
2025-03-03T12:53:20.714840   20   11   2
2025-03-03T12:53:20.714840   10   11   5
2025-03-03T12:53:20.715840   16   16   5
2025-03-03T12:53:20.715840   14   10   5
2025-03-03T12:53:20.715840   13   16   2
2025-03-03T12:53:20.716840   19   10   2
2025-03-03T12:53:20.716840   10   11   4
2025-03-03T12:53:20.716840   13   18   9
2025-03-03T12:53:20.717841   11   10   2
2025-03-03T12:53:20.717841   14   10   10
2025-03-03T12:53:20.718840   16   15   10
2025-03-03T12:53:20.718840   15   14   2
2025-03-03T12:53:20.718840   16   18   6
2025-03-03T12:53:20.719840   16   16   2
2025-03-03T12:53:20.719840   16   14   3
2025-03-03T12:53:20.719840   13   16   2
2025-03-03T12:53:20.720840   20   10   4
2025-03-03T12:53:20.720840   11   20   7
2025-03-03T12:53:20.720840   19   15   9
2025-03-03T12:53:20.721840   17   20   2
2025-03-03T12:53:20.721840   18   13   7
2025-03-03T12:53:20.722840   15   14   10
2025-03-03T12:53:20.722840   20   16   1
2025-03-03T12:53:20.722840   14   19   7
2025-03-03T12:53:20.723840   14   20   8
2025-03-03T12:53:20.723840   18   12   9
2025-03-03T12:53:20.723840   18   14   4
2025-03-03T12:53:20.724840   16   18   4
2025-03-03T12:53:20.724840   14   10   6
2025-03-03T12:53:20.724840   20   16   10
2025-03-03T12:53:20.725840   14   11   5
2025-03-03T12:53:20.725840   12   11   8
2025-03-03T12:53:20.725840   14   15   10
2025-03-03T12:53:20.726840   11   17   6
2025-03-03T12:53:20.726840   14   17   7
2025-03-03T12:53:20.726840   17   14   3
2025-03-03T12:53:20.727840   20   12   4
2025-03-03T12:53:20.727840   11   11   9
2025-03-03T12:53:20.727840   19   12   3
2025-03-03T12:53:20.728840   17   12   2
2025-03-03T12:53:20.728840   12   15   8
2025-03-03T12:53:20.729840   17   19   3
2025-03-03T12:53:45.575579   17   18   3
2025-03-03T12:53:45.577582   19   20   9
2025-03-03T12:53:45.577582   17   18   6
2025-03-03T12:53:45.577582   16   15   10
2025-03-03T12:53:45.578586   18   20   4
2025-03-03T12:53:45.578586   11   11   4
2025-03-03T12:53:45.579583   19   20   1
2025-03-03T12:53:45.579583   14   20   4
2025-03-03T12:53:45.580539   12   15   1
2025-03-03T12:53:45.580539   17   13   2
2025-03-03T12:53:45.580539   17   15   3
2025-03-03T12:53:45.581585   12   15   7
2025-03-03T12:53:45.581585   19   12   4
2025-03-03T12:53:45.581585   12   11   3
2025-03-03T12:53:45.582578   14   10   6
2025-03-03T12:53:45.582578   10   12   9
2025-03-03T12:53:45.583535   10   11   9
2025-03-03T12:53:45.583535   10   19   8
2025-03-03T12:53:45.583535   15   12   5
2025-03-03T12:53:45.583535   17   11   10
2025-03-03T12:53:45.584563   12   11   8
2025-03-03T12:53:45.584563   17   20   7
2025-03-03T12:53:45.585581   20   20   9
2025-03-03T12:53:45.585581   20   10   9
2025-03-03T12:53:45.585581   13   18   1
2025-03-03T12:53:45.586581   13   12   2
2025-03-03T12:53:45.586581   13   17   9
2025-03-03T12:53:45.587539   18   12   7
2025-03-03T12:53:45.587539   20   19   1
2025-03-03T12:53:45.587539   15   18   7
2025-03-03T12:53:45.588539   13   16   7
2025-03-03T12:53:45.588539   12   18   5
2025-03-03T12:53:45.588539   16   18   10
2025-03-03T12:53:45.588539   10   13   3
2025-03-03T12:53:45.589579   20   18   7
2025-03-03T12:53:45.589579   18   20   7
2025-03-03T12:53:45.590576   19   10   7
2025-03-03T12:53:45.590576   18   13   7
2025-03-03T12:53:45.590576   14   10   6
2025-03-03T12:53:45.591579   18   12   1
2025-03-03T12:53:45.591579   17   14   5
2025-03-03T12:53:45.591579   19   18   3
2025-03-03T12:53:45.592579   10   14   4
2025-03-03T12:53:45.592579   15   13   7
2025-03-03T12:53:45.592579   20   14   7
2025-03-03T12:53:45.593587   14   15   3
2025-03-03T12:53:45.593587   19   19   1
2025-03-03T12:53:45.593587   20   14   1
2025-03-03T12:54:09.729590   16   14   2
2025-03-03T12:54:09.731706   14   18   2
2025-03-03T12:54:09.731706   20   11   9
2025-03-03T12:54:09.732715   15   13   4
2025-03-03T12:54:09.732715   20   10   3
2025-03-03T12:54:09.732715   19   18   7
2025-03-03T12:54:09.733705   18   19   8
2025-03-03T12:54:09.733705   13   18   6
2025-03-03T12:54:09.733705   19   20   1
2025-03-03T12:54:09.734716   10   16   7
2025-03-03T12:54:09.734716   14   15   10
2025-03-03T12:54:09.735714   17   14   2
2025-03-03T12:54:09.735714   14   12   7
2025-03-03T12:54:09.735714   12   15   7
2025-03-03T12:54:09.736716   13   15   9
2025-03-03T12:54:09.736716   10   18   8
2025-03-03T12:54:09.736716   13   10   3
2025-03-03T12:54:09.736716   20   20   3
2025-03-03T12:54:09.737788   15   14   3
2025-03-03T12:54:09.737788   14   19   4
2025-03-03T12:54:09.737788   13   16   9
2025-03-03T12:54:09.738801   17   16   8
2025-03-03T12:54:09.738801   10   20   8
2025-03-03T12:54:09.738801   12   13   9
2025-03-03T12:54:09.739784   10   15   4
2025-03-03T12:54:09.739784   13   12   6
2025-03-03T12:54:09.739784   15   12   2
2025-03-03T12:54:09.740790   11   16   10
2025-03-03T12:54:09.740790   16   20   5
2025-03-03T12:54:09.740790   13   11   2
2025-03-03T12:54:09.741786   13   16   6
2025-03-03T12:54:09.741786   20   19   9
2025-03-03T12:54:09.741786   13   16   1
2025-03-03T12:54:09.742791   17   18   9
2025-03-03T12:54:09.742791   17   20   3
2025-03-03T12:54:09.742791   10   20   8
2025-03-03T12:54:09.743790   14   12   1
2025-03-03T12:54:09.743790   17   20   4
2025-03-03T12:54:09.743790   14   19   5
2025-03-03T12:54:09.744784   20   14   3
2025-03-03T12:54:09.744784   11   20   9
2025-03-03T12:54:09.744784   17   10   1
2025-03-03T12:54:09.745783   20   10   7
2025-03-03T12:54:09.745783   16   16   9
2025-03-03T12:54:09.746744   12   11   10
2025-03-03T12:54:09.746744   19   11   2
2025-03-03T12:54:09.746744   15   15   7
2025-03-03T12:54:09.747779   14   19   7
2025-03-03T15:21:32.954447   20   12   3
2025-03-03T15:21:32.959447   20   14   6
2025-03-03T15:21:32.961447   16   16   2
2025-03-03T15:21:32.962447   20   16   2
2025-03-03T15:21:32.963448   17   10   4
2025-03-03T15:21:32.964447   14   16   2
2025-03-03T15:21:32.965447   18   13   7
2025-03-03T15:21:32.966448   17   16   6
2025-03-03T15:21:32.967458   16   20   1
2025-03-03T15:21:32.968447   16   15   1
2025-03-03T15:21:32.969448   16   16   7
2025-03-03T15:21:32.970447   13   17   3
2025-03-03T15:21:32.971447   16   13   1
2025-03-03T15:21:32.972448   19   20   7
2025-03-03T15:21:32.973447   13   20   8
2025-03-03T15:21:32.973447   20   12   7
2025-03-03T15:21:32.974448   17   13   9
2025-03-03T15:21:32.975447   10   18   8
2025-03-03T15:21:32.976447   16   12   10
2025-03-03T15:21:32.977447   15   17   9
2025-03-03T15:21:32.978447   16   17   10
2025-03-03T15:21:32.979447   10   12   10
2025-03-03T15:21:32.980447   17   16   6
2025-03-03T15:21:32.981447   19   12   2
2025-03-03T15:21:32.982447   20   18   7
2025-03-03T15:21:32.983447   15   13   6
2025-03-03T15:21:32.984447   18   11   8
2025-03-03T15:21:32.985448   12   18   2
2025-03-03T15:21:32.986447   16   17   4
2025-03-03T15:21:32.986447   19   16   1
2025-03-03T15:21:32.987446   20   14   5
2025-03-03T15:21:32.987446   16   16   2
2025-03-03T15:21:32.988447   11   20   7
2025-03-03T15:21:32.988447   10   14   1
2025-03-03T15:21:32.989447   14   11   9
2025-03-03T15:21:32.989447   14   19   3
2025-03-03T15:21:32.990447   16   11   6
2025-03-03T15:21:32.990447   20   11   5
2025-03-03T15:21:32.990447   20   14   4
2025-03-03T15:21:32.991447   17   13   6
2025-03-03T15:21:32.991447   16   10   10
2025-03-03T15:21:32.992447   17   12   3
2025-03-03T15:21:32.992447   11   12   3
2025-03-03T15:21:32.993447   18   11   1
2025-03-03T15:21:32.993447   10   12   6
2025-03-03T15:21:32.993447   18   14   10
2025-03-03T15:21:32.994447   12   12   6
2025-03-03T15:21:32.994447   10   11   10
2025-03-03T15:23:53.560860   17   16   6
2025-03-03T15:23:53.562858   12   18   6
2025-03-03T15:23:53.562858   15   15   6
2025-03-03T15:23:53.563845   13   17   3
2025-03-03T15:23:53.563845   18   18   4
2025-03-03T15:23:53.563845   11   13   8
2025-03-03T15:23:53.564846   15   16   9
2025-03-03T15:23:53.564846   12   15   3
2025-03-03T15:23:53.565845   13   15   2
2025-03-03T15:23:53.565845   18   18   5
2025-03-03T15:23:53.565845   15   14   2
2025-03-03T15:23:53.566845   20   19   8
2025-03-03T15:23:53.566845   16   12   8
2025-03-03T15:23:53.567807   14   19   4
2025-03-03T15:23:53.567807   19   13   2
2025-03-03T15:23:53.568859   10   20   1
2025-03-03T15:23:53.569861   11   10   3
2025-03-03T15:23:53.569861   11   18   2
2025-03-03T15:23:53.570844   10   17   5
2025-03-03T15:23:53.570844   14   11   6
2025-03-03T15:23:53.571850   20   12   10
2025-03-03T15:23:53.571850   20   12   1
2025-03-03T15:23:53.572851   14   15   7
2025-03-03T15:23:53.572851   13   18   1
2025-03-03T15:23:53.573850   17   20   10
2025-03-03T15:23:53.573850   20   20   7
2025-03-03T15:23:53.574854   20   18   9
2025-03-03T15:23:53.574854   10   19   2
2025-03-03T15:23:53.575844   11   16   2
2025-03-03T15:23:53.575844   14   16   10
2025-03-03T15:23:53.576845   20   12   5
2025-03-03T15:23:53.576845   15   14   2
2025-03-03T15:23:53.577850   16   12   4
2025-03-03T15:23:53.577850   14   20   6
2025-03-03T15:23:53.578857   18   14   10
2025-03-03T15:23:53.578857   20   10   1
2025-03-03T15:23:53.579852   14   15   4
2025-03-03T15:23:53.579852   16   19   3
2025-03-03T15:23:53.580845   16   19   3
2025-03-03T15:23:53.580845   19   12   9
2025-03-03T15:23:53.581814   19   17   4
2025-03-03T15:23:53.581814   11   20   2
2025-03-03T15:23:53.582767   15   20   1
2025-03-03T15:23:53.583596   14   13   5
2025-03-03T15:23:53.584134   14   19   5
2025-03-03T15:23:53.584134   13   20   7
2025-03-03T15:23:53.584134   15   15   9
2025-03-03T15:23:53.585238   12   20   1
2025-03-03T15:24:08.823641   11   14   5
2025-03-03T15:24:08.825641   14   10   4
2025-03-03T15:24:08.826640   15   10   7
2025-03-03T15:24:08.826640   19   14   8
2025-03-03T15:24:08.827640   14   14   8
2025-03-03T15:24:08.827640   18   17   5
2025-03-03T15:24:08.828640   11   12   5
2025-03-03T15:24:08.828640   16   19   10
2025-03-03T15:24:08.828640   19   12   5
2025-03-03T15:24:08.829640   16   16   10
2025-03-03T15:24:08.829640   16   13   1
2025-03-03T15:24:08.830640   17   17   6
2025-03-03T15:24:08.830640   12   10   1
2025-03-03T15:24:08.830640   15   17   10
2025-03-03T15:24:08.831640   19   17   2
2025-03-03T15:24:08.831640   14   12   7
2025-03-03T15:24:08.832640   19   19   10
2025-03-03T15:24:08.832640   11   12   4
2025-03-03T15:24:08.832640   13   11   1
2025-03-03T15:24:08.833640   20   18   10
2025-03-03T15:24:08.833640   19   20   10
2025-03-03T15:24:08.834640   14   10   9
2025-03-03T15:24:08.834640   12   14   4
2025-03-03T15:24:08.835640   14   14   2
2025-03-03T15:24:08.835640   13   11   8
2025-03-03T15:24:08.836640   16   15   5
2025-03-03T15:24:08.836640   15   20   9
2025-03-03T15:24:08.836640   14   10   5
2025-03-03T15:24:08.837640   16   20   8
2025-03-03T15:24:08.837640   10   16   4
2025-03-03T15:24:08.837640   18   12   2
2025-03-03T15:24:08.838640   20   10   8
2025-03-03T15:24:08.838640   16   10   5
2025-03-03T15:24:08.838640   12   10   10
2025-03-03T15:24:08.839640   17   20   10
2025-03-03T15:24:08.839640   16   18   2
2025-03-03T15:24:08.840640   18   10   5
2025-03-03T15:24:08.840640   19   15   5
2025-03-03T15:24:08.840640   11   11   7
2025-03-03T15:24:08.841640   20   10   3
2025-03-03T15:24:08.841640   11   20   6
2025-03-03T15:24:08.841640   13   13   6
2025-03-03T15:24:08.842640   17   11   6
2025-03-03T15:24:08.842640   11   18   6
2025-03-03T15:24:08.842640   14   11   3
2025-03-03T15:24:08.843640   10   10   5
2025-03-03T15:24:08.843640   20   19   7
2025-03-03T15:24:08.843640   12   19   7
2025-03-03T15:24:35.469945   10   12   4
2025-03-03T15:24:35.471936   16   10   4
2025-03-03T15:24:35.472936   11   11   4
2025-03-03T15:24:35.472936   15   10   7
2025-03-03T15:24:35.472936   17   12   6
2025-03-03T15:24:35.473936   12   16   5
2025-03-03T15:24:35.473936   14   18   9
2025-03-03T15:24:35.474936   17   10   3
2025-03-03T15:24:35.474936   10   19   7
2025-03-03T15:24:35.474936   13   18   4
2025-03-03T15:24:35.475936   14   12   1
2025-03-03T15:24:35.475936   20   13   6
2025-03-03T15:24:35.476936   17   12   5
2025-03-03T15:24:35.476936   11   19   10
2025-03-03T15:24:35.476936   17   18   8
2025-03-03T15:24:35.477936   10   20   8
2025-03-03T15:24:35.477936   17   11   7
2025-03-03T15:24:35.478936   10   18   7
2025-03-03T15:24:35.478936   17   16   9
2025-03-03T15:24:35.478936   16   13   1
2025-03-03T15:24:35.479936   11   18   3
2025-03-03T15:24:35.479936   20   20   5
2025-03-03T15:24:35.480936   18   13   3
2025-03-03T15:24:35.480936   16   10   4
2025-03-03T15:24:35.480936   15   15   7
2025-03-03T15:24:35.481936   12   11   5
2025-03-03T15:24:35.481936   14   19   8
2025-03-03T15:24:35.482936   18   14   2
2025-03-03T15:24:35.482936   20   15   7
2025-03-03T15:24:35.483936   20   18   9
2025-03-03T15:24:35.483936   10   15   6
2025-03-03T15:24:35.483936   18   14   10
2025-03-03T15:24:35.484936   10   10   6
2025-03-03T15:24:35.484936   13   17   1
2025-03-03T15:24:35.485936   17   19   1
2025-03-03T15:24:35.485936   19   10   2
2025-03-03T15:24:35.486936   15   18   3
2025-03-03T15:24:35.486936   19   15   7
2025-03-03T15:24:35.486936   11   16   7
2025-03-03T15:24:35.487936   10   19   7
2025-03-03T15:24:35.487936   13   19   2
2025-03-03T15:24:35.488936   10   17   9
2025-03-03T15:24:35.488936   14   18   10
2025-03-03T15:24:35.488936   14   18   4
2025-03-03T15:24:35.489936   20   13   5
2025-03-03T15:24:35.489936   13   15   8
2025-03-03T15:24:35.490936   11   19   5
2025-03-03T15:24:35.490936   11   17   9
2025-03-03T15:26:07.969153   16   11   8
2025-03-03T15:26:07.971153   20   15   4
2025-03-03T15:26:07.972153   13   18   2
2025-03-03T15:26:07.972153   18   17   5
2025-03-03T15:26:07.973153   20   11   4
2025-03-03T15:26:07.973153   18   15   9
2025-03-03T15:26:07.974153   14   13   9
2025-03-03T15:26:07.974153   17   19   7
2025-03-03T15:26:07.975154   11   13   9
2025-03-03T15:26:07.975154   12   16   3
2025-03-03T15:26:07.976153   16   17   5
2025-03-03T15:26:07.976153   12   12   3
2025-03-03T15:26:07.977153   12   13   3
2025-03-03T15:26:07.977153   19   17   7
2025-03-03T15:26:07.978153   14   15   2
2025-03-03T15:26:07.978153   16   17   8
2025-03-03T15:26:07.979153   13   20   3
2025-03-03T15:26:07.979153   17   10   6
2025-03-03T15:26:07.980154   18   12   5
2025-03-03T15:26:07.980154   11   12   10
2025-03-03T15:26:07.981153   14   10   2
2025-03-03T15:26:07.981153   11   14   8
2025-03-03T15:26:07.982154   15   18   9
2025-03-03T15:26:07.983154   13   15   1
2025-03-03T15:26:07.983154   10   19   6
2025-03-03T15:26:07.984254   12   15   9
2025-03-03T15:26:07.985154   15   12   2
2025-03-03T15:26:07.985154   10   10   7
2025-03-03T15:26:07.986154   13   17   2
2025-03-03T15:26:07.986154   10   13   2
2025-03-03T15:26:07.987257   10   17   4
2025-03-03T15:26:07.987257   17   12   8
2025-03-03T15:26:07.988261   10   16   3
2025-03-03T15:26:07.988261   14   17   10
2025-03-03T15:26:07.989262   18   14   6
2025-03-03T15:26:07.990254   13   16   2
2025-03-03T15:26:07.990254   12   16   10
2025-03-03T15:26:07.991255   13   10   9
2025-03-03T15:26:07.991255   18   16   10
2025-03-03T15:26:07.992259   11   10   7
2025-03-03T15:26:07.992259   16   19   4
2025-03-03T15:26:07.993258   13   20   3
2025-03-03T15:26:07.993258   19   10   4
2025-03-03T15:26:07.994257   14   14   1
2025-03-03T15:26:07.994257   16   12   7
2025-03-03T15:26:07.995272   14   17   9
2025-03-03T15:26:07.995272   17   16   2
2025-03-03T15:26:07.996261   18   16   6
2025-03-03T15:28:56.045188   17   12   1
2025-03-03T15:28:56.046832   19   16   9
2025-03-03T15:28:56.047924   10   17   10
2025-03-03T15:28:56.047924   18   20   5
2025-03-03T15:28:56.047924   18   12   8
2025-03-03T15:28:56.048926   20   20   3
2025-03-03T15:28:56.048926   16   14   7
2025-03-03T15:28:56.048926   12   19   5
2025-03-03T15:28:56.049925   15   17   2
2025-03-03T15:28:56.049925   11   16   4
2025-03-03T15:28:56.049925   13   17   6
2025-03-03T15:28:56.050914   15   18   6
2025-03-03T15:28:56.050914   14   11   2
2025-03-03T15:28:56.051926   13   10   1
2025-03-03T15:28:56.051926   18   15   7
2025-03-03T15:28:56.051926   14   17   1
2025-03-03T15:28:56.052919   13   17   2
2025-03-03T15:28:56.052919   14   10   6
2025-03-03T15:28:56.052919   11   14   7
2025-03-03T15:28:56.053917   14   14   5
2025-03-03T15:28:56.053917   13   17   1
2025-03-03T15:28:56.053917   16   10   1
2025-03-03T15:28:56.054916   12   16   6
2025-03-03T15:28:56.054916   17   19   10
2025-03-03T15:28:56.054916   18   19   2
2025-03-03T15:28:56.055930   19   11   7
2025-03-03T15:28:56.055930   19   10   7
2025-03-03T15:28:56.055930   13   16   10
2025-03-03T15:28:56.056913   11   12   9
2025-03-03T15:28:56.056913   12   13   7
2025-03-03T15:28:56.056913   10   14   7
2025-03-03T15:28:56.057915   10   17   5
2025-03-03T15:28:56.057915   17   15   5
2025-03-03T15:28:56.057915   15   14   6
2025-03-03T15:28:56.058922   13   10   8
2025-03-03T15:28:56.058922   18   19   3
2025-03-03T15:28:56.058922   15   13   7
2025-03-03T15:28:56.058922   15   14   3
2025-03-03T15:28:56.059915   18   20   5
2025-03-03T15:28:56.059915   20   13   7
2025-03-03T15:28:56.059915   10   13   9
2025-03-03T15:28:56.061937   11   13   4
2025-03-03T15:28:56.062523   10   12   10
2025-03-03T15:28:56.062622   19   20   4
2025-03-03T15:28:56.063205   11   16   6
2025-03-03T15:28:56.063205   14   12   4
2025-03-03T15:28:56.063205   15   10   7
2025-03-03T15:28:56.064288   20   18   3
2025-03-03T15:29:38.722179   17   12   9
2025-03-03T15:29:38.728180   18   16   7
2025-03-03T15:29:38.730810   12   11   2
2025-03-03T15:29:38.731819   17   19   2
2025-03-03T15:29:38.733818   18   14   7
2025-03-03T15:29:38.734819   15   20   5
2025-03-03T15:29:38.736819   19   15   4
2025-03-03T15:29:38.737818   13   12   3
2025-03-03T15:29:38.739818   14   10   5
2025-03-03T15:29:38.740826   14   20   6
2025-03-03T15:29:38.742819   18   12   9
2025-03-03T15:29:38.743819   15   11   2
2025-03-03T15:29:38.745819   12   17   10
2025-03-03T15:29:38.746505   19   19   3
2025-03-03T15:29:38.747705   14   20   8
2025-03-03T15:29:38.748668   12   11   10
2025-03-03T15:29:38.749667   19   15   6
2025-03-03T15:29:38.749667   15   10   2
2025-03-03T15:29:38.750668   17   15   1
2025-03-03T15:29:38.751667   13   16   9
2025-03-03T15:29:38.751667   17   12   5
2025-03-03T15:29:38.752668   16   15   4
2025-03-03T15:29:38.753672   13   10   4
2025-03-03T15:29:38.753672   19   10   9
2025-03-03T15:29:38.754671   11   10   9
2025-03-03T15:29:38.754671   17   12   9
2025-03-03T15:29:38.755672   19   11   6
2025-03-03T15:29:38.756671   18   17   3
2025-03-03T15:29:38.757671   15   11   5
2025-03-03T15:29:38.757671   14   20   1
2025-03-03T15:29:38.758671   10   15   6
2025-03-03T15:29:38.758671   20   20   5
2025-03-03T15:29:38.759671   12   19   6
2025-03-03T15:29:38.760671   14   18   9
2025-03-03T15:29:38.760671   20   19   9
2025-03-03T15:29:38.761667   10   10   2
2025-03-03T15:29:38.762536   20   18   4
2025-03-03T15:29:38.763054   20   17   4
2025-03-03T15:29:38.763054   11   13   4
2025-03-03T15:29:38.764063   13   15   4
2025-03-03T15:29:38.764063   17   20   3
2025-03-03T15:29:38.765067   14   19   7
2025-03-03T15:29:38.765067   18   18   9
2025-03-03T15:29:38.766063   16   15   8
2025-03-03T15:29:38.766063   17   15   9
2025-03-03T15:29:38.767067   14   19   10
2025-03-03T15:29:38.767067   20   16   6
2025-03-03T15:29:38.768063   16   19   5
2025-03-03T15:30:32.499977   12   17   4
2025-03-03T15:30:32.501979   10   10   6
2025-03-03T15:30:32.502977   10   14   7
2025-03-03T15:30:32.502977   13   18   1
2025-03-03T15:30:32.502977   10   15   2
2025-03-03T15:30:32.503969   17   12   10
2025-03-03T15:30:32.503969   13   14   3
2025-03-03T15:30:32.504978   16   10   6
2025-03-03T15:30:32.504978   20   18   9
2025-03-03T15:30:32.504978   11   17   7
2025-03-03T15:30:32.505969   10   10   5
2025-03-03T15:30:32.505969   13   14   2
2025-03-03T15:30:32.505969   12   20   3
2025-03-03T15:30:32.506969   12   11   1
2025-03-03T15:30:32.506969   17   11   10
2025-03-03T15:30:32.506969   14   19   5
2025-03-03T15:30:32.507969   17   16   2
2025-03-03T15:30:32.507969   11   13   9
2025-03-03T15:30:32.507969   18   13   1
2025-03-03T15:30:32.508968   18   18   2
2025-03-03T15:30:32.508968   12   15   7
2025-03-03T15:30:32.509969   16   18   3
2025-03-03T15:30:32.509969   18   16   10
2025-03-03T15:30:32.509969   15   11   7
2025-03-03T15:30:32.510968   19   17   8
2025-03-03T15:30:32.510968   12   13   8
2025-03-03T15:30:32.510968   11   16   2
2025-03-03T15:30:32.511969   10   19   8
2025-03-03T15:30:32.511969   13   16   10
2025-03-03T15:30:32.511969   20   15   10
2025-03-03T15:30:32.512969   12   16   1
2025-03-03T15:30:32.512969   12   11   3
2025-03-03T15:30:32.512969   15   20   1
2025-03-03T15:30:32.513968   16   17   2
2025-03-03T15:30:32.513968   10   13   5
2025-03-03T15:30:32.513968   16   10   9
2025-03-03T15:30:32.514968   16   18   7
2025-03-03T15:30:32.514968   11   15   8
2025-03-03T15:30:32.514968   18   14   9
2025-03-03T15:30:32.515977   14   11   7
2025-03-03T15:30:32.515977   13   17   9
2025-03-03T15:30:32.516969   16   15   3
2025-03-03T15:30:32.516969   16   16   6
2025-03-03T15:30:32.516969   16   17   10
2025-03-03T15:30:32.517973   11   12   3
2025-03-03T15:30:32.518242   12   16   8
2025-03-03T15:30:32.518242   17   20   3
2025-03-03T15:30:32.518242   17   13   8
2025-03-03T15:31:11.427593   10   16   4
2025-03-03T15:31:11.429592   10   11   6
2025-03-03T15:31:11.430592   13   12   10
2025-03-03T15:31:11.430592   12   20   3
2025-03-03T15:31:11.431592   15   18   8
2025-03-03T15:31:11.431592   10   15   7
2025-03-03T15:31:11.431592   16   15   10
2025-03-03T15:31:11.432593   18   19   3
2025-03-03T15:31:11.432593   14   11   3
2025-03-03T15:31:11.432593   16   15   4
2025-03-03T15:31:11.433592   13   12   3
2025-03-03T15:31:11.433592   11   12   5
2025-03-03T15:31:11.434593   14   20   2
2025-03-03T15:31:11.434593   20   13   1
2025-03-03T15:31:11.435604   15   19   10
2025-03-03T15:31:11.435604   15   20   4
2025-03-03T15:31:11.435604   13   12   7
2025-03-03T15:31:11.436593   13   12   3
2025-03-03T15:31:11.436593   11   13   3
2025-03-03T15:31:11.437592   20   16   2
2025-03-03T15:31:11.437592   11   14   3
2025-03-03T15:31:11.437592   10   11   8
2025-03-03T15:31:11.438592   13   20   10
2025-03-03T15:31:11.438592   15   19   3
2025-03-03T15:31:11.439601   12   20   3
2025-03-03T15:31:11.439601   17   16   6
2025-03-03T15:31:11.439601   12   17   1
2025-03-03T15:31:11.440592   15   12   6
2025-03-03T15:31:11.440592   15   20   7
2025-03-03T15:31:11.441595   10   13   6
2025-03-03T15:31:11.441595   15   11   6
2025-03-03T15:31:11.441595   15   15   7
2025-03-03T15:31:11.442592   15   13   3
2025-03-03T15:31:11.442592   19   19   1
2025-03-03T15:31:11.442592   19   12   3
2025-03-03T15:31:11.443592   11   20   2
2025-03-03T15:31:11.443592   10   12   4
2025-03-03T15:31:11.444592   10   10   10
2025-03-03T15:31:11.444592   10   15   10
2025-03-03T15:31:11.444592   10   17   8
2025-03-03T15:31:11.445592   17   10   5
2025-03-03T15:31:11.445592   10   20   9
2025-03-03T15:31:11.446593   10   13   2
2025-03-03T15:31:11.446593   11   20   2
2025-03-03T15:31:11.446593   15   20   5
2025-03-03T15:31:11.447592   14   11   4
2025-03-03T15:31:11.447592   19   15   10
2025-03-03T15:31:11.448601   15   18   5
2025-03-03T15:32:04.309563   18   13   8
2025-03-03T15:32:04.311553   11   19   9
2025-03-03T15:32:04.311553   19   12   2
2025-03-03T15:32:04.311553   17   18   7
2025-03-03T15:32:04.312553   20   19   1
2025-03-03T15:32:04.312553   12   12   9
2025-03-03T15:32:04.312553   15   10   7
2025-03-03T15:32:04.313560   14   12   1
2025-03-03T15:32:04.313560   17   15   7
2025-03-03T15:32:04.313560   18   19   7
2025-03-03T15:32:04.314560   17   13   10
2025-03-03T15:32:04.314560   18   12   1
2025-03-03T15:32:04.314560   16   19   4
2025-03-03T15:32:04.315562   15   18   1
2025-03-03T15:32:04.315562   13   20   2
2025-03-03T15:32:04.315562   14   14   10
2025-03-03T15:32:04.316515   19   17   7
2025-03-03T15:32:04.316515   15   11   9
2025-03-03T15:32:04.316515   13   19   5
2025-03-03T15:32:04.317563   10   14   1
2025-03-03T15:32:04.318552   17   11   3
2025-03-03T15:32:04.318552   14   18   3
2025-03-03T15:32:04.318552   18   13   8
2025-03-03T15:32:04.319554   20   12   9
2025-03-03T15:32:04.319554   19   17   10
2025-03-03T15:32:04.319554   10   14   9
2025-03-03T15:32:04.320570   14   19   1
2025-03-03T15:32:04.320570   14   11   2
2025-03-03T15:32:04.320570   17   16   4
2025-03-03T15:32:04.321556   11   15   1
2025-03-03T15:32:04.321556   16   18   8
2025-03-03T15:32:04.321556   18   14   1
2025-03-03T15:32:04.322558   11   19   6
2025-03-03T15:32:04.322558   11   14   8
2025-03-03T15:32:04.322558   15   19   1
2025-03-03T15:32:04.323552   10   11   9
2025-03-03T15:32:04.323552   11   16   3
2025-03-03T15:32:04.323552   13   20   1
2025-03-03T15:32:04.324551   12   17   10
2025-03-03T15:32:04.324551   10   19   2
2025-03-03T15:32:04.324551   10   10   7
2025-03-03T15:32:04.325553   12   11   4
2025-03-03T15:32:04.325553   11   18   8
2025-03-03T15:32:04.325553   16   14   4
2025-03-03T15:32:04.326561   18   12   2
2025-03-03T15:32:04.326561   15   16   1
2025-03-03T15:32:04.326561   14   15   2
2025-03-03T15:32:04.326561   20   12   3
2025-03-03T15:32:26.819295   18   10   3
2025-03-03T15:32:26.821339   13   19   3
2025-03-03T15:32:26.821339   13   11   6
2025-03-03T15:32:26.822296   20   16   2
2025-03-03T15:32:26.822296   18   19   6
2025-03-03T15:32:26.822296   20   11   2
2025-03-03T15:32:26.823299   10   16   8
2025-03-03T15:32:26.823299   20   15   1
2025-03-03T15:32:26.824384   15   14   1
2025-03-03T15:32:26.824384   10   19   10
2025-03-03T15:32:26.825295   17   13   6
2025-03-03T15:32:26.825295   18   19   2
2025-03-03T15:32:26.825295   15   20   7
2025-03-03T15:32:26.826295   19   20   6
2025-03-03T15:32:26.826295   17   10   1
2025-03-03T15:32:26.826295   15   12   6
2025-03-03T15:32:26.827295   16   11   6
2025-03-03T15:32:26.827295   19   13   5
2025-03-03T15:32:26.827295   20   18   9
2025-03-03T15:32:26.828296   14   18   2
2025-03-03T15:32:26.828296   16   20   2
2025-03-03T15:32:26.828296   15   11   7
2025-03-03T15:32:26.829303   10   11   9
2025-03-03T15:32:26.829303   13   18   5
2025-03-03T15:32:26.830295   15   17   4
2025-03-03T15:32:26.830295   14   10   7
2025-03-03T15:32:26.831295   14   11   3
2025-03-03T15:32:26.831295   17   11   9
2025-03-03T15:32:26.832295   18   13   5
2025-03-03T15:32:26.832295   15   14   6
2025-03-03T15:32:26.832295   11   14   6
2025-03-03T15:32:26.833295   16   12   10
2025-03-03T15:32:26.833295   13   18   9
2025-03-03T15:32:26.833295   11   20   3
2025-03-03T15:32:26.834295   12   20   6
2025-03-03T15:32:26.834295   11   17   7
2025-03-03T15:32:26.835295   17   15   10
2025-03-03T15:32:26.835295   15   12   9
2025-03-03T15:32:26.835295   15   14   5
2025-03-03T15:32:26.836295   19   14   1
2025-03-03T15:32:26.836295   15   11   6
2025-03-03T15:32:26.836295   18   12   2
2025-03-03T15:32:26.837295   15   16   9
2025-03-03T15:32:26.837295   13   16   5
2025-03-03T15:32:26.838295   20   19   2
2025-03-03T15:32:26.838295   16   20   3
2025-03-03T15:32:26.839295   17   17   5
2025-03-03T15:32:26.839295   11   15   5
2025-03-03T15:33:03.994667   15   11   1
2025-03-03T15:33:03.996596   17   13   5
2025-03-03T15:33:03.996596   18   13   5
2025-03-03T15:33:03.997588   15   16   5
2025-03-03T15:33:03.997588   10   20   6
2025-03-03T15:33:03.998585   19   10   7
2025-03-03T15:33:03.998585   10   11   2
2025-03-03T15:33:03.998585   20   16   6
2025-03-03T15:33:03.999584   19   14   2
2025-03-03T15:33:03.999584   19   13   2
2025-03-03T15:33:03.999584   10   15   2
2025-03-03T15:33:04.000624   18   19   5
2025-03-03T15:33:04.001585   12   18   6
2025-03-03T15:33:04.001585   13   17   2
2025-03-03T15:33:04.001585   11   20   9
2025-03-03T15:33:04.002585   12   16   6
2025-03-03T15:33:04.002585   10   19   1
2025-03-03T15:33:04.003585   10   11   8
2025-03-03T15:33:04.003585   17   16   8
2025-03-03T15:33:04.003585   11   19   3
2025-03-03T15:33:04.004585   16   19   1
2025-03-03T15:33:04.005585   17   12   3
2025-03-03T15:33:04.005585   10   15   4
2025-03-03T15:33:04.006585   11   19   2
2025-03-03T15:33:04.006585   18   14   7
2025-03-03T15:33:04.006585   10   10   8
2025-03-03T15:33:04.007585   17   20   3
2025-03-03T15:33:04.007585   10   15   6
2025-03-03T15:33:04.008585   10   20   3
2025-03-03T15:33:04.008585   15   11   5
2025-03-03T15:33:04.008585   20   10   9
2025-03-03T15:33:04.009584   20   11   8
2025-03-03T15:33:04.009584   14   16   6
2025-03-03T15:33:04.010585   11   19   10
2025-03-03T15:33:04.010585   13   16   7
2025-03-03T15:33:04.011593   15   10   1
2025-03-03T15:33:04.011593   15   10   5
2025-03-03T15:33:04.011593   15   13   1
2025-03-03T15:33:04.012585   13   10   8
2025-03-03T15:33:04.012585   12   11   7
2025-03-03T15:33:04.013585   10   15   9
2025-03-03T15:33:04.013585   13   20   7
2025-03-03T15:33:04.013585   18   15   9
2025-03-03T15:33:04.014585   17   16   9
2025-03-03T15:33:04.014585   15   13   8
2025-03-03T15:33:04.015585   19   10   5
2025-03-03T15:33:04.015585   19   19   5
2025-03-03T15:33:04.016585   15   14   2
2025-03-03T21:12:20.891572   11   16   2
2025-03-03T21:12:20.893573   15   10   6
2025-03-03T21:12:20.893573   14   16   7
2025-03-03T21:12:20.894571   17   15   6
2025-03-03T21:12:20.894571   10   11   6
2025-03-03T21:12:20.895572   20   13   5
2025-03-03T21:12:20.895572   13   13   2
2025-03-03T21:12:20.895572   10   11   5
2025-03-03T21:12:20.896571   17   14   4
2025-03-03T21:12:20.896571   10   10   1
2025-03-03T21:12:20.896571   12   12   2
2025-03-03T21:12:20.897572   18   16   8
2025-03-03T21:12:20.897572   12   13   5
2025-03-03T21:12:20.897572   14   16   7
2025-03-03T21:12:20.898572   13   20   3
2025-03-03T21:12:20.898572   15   13   7
2025-03-03T21:12:20.898572   10   11   10
2025-03-03T21:12:20.899572   14   16   7
2025-03-03T21:12:20.899572   14   14   9
2025-03-03T21:12:20.899572   14   16   2
2025-03-03T21:12:20.900572   17   13   1
2025-03-03T21:12:20.900572   11   17   8
2025-03-03T21:12:20.900572   18   12   9
2025-03-03T21:12:20.901571   10   13   2
2025-03-03T21:12:20.901571   10   17   5
2025-03-03T21:12:20.902572   20   14   2
2025-03-03T21:12:20.902572   19   16   10
2025-03-03T21:12:20.902572   20   11   1
2025-03-03T21:12:20.903572   15   17   5
2025-03-03T21:12:20.903572   17   19   9
2025-03-03T21:12:20.903572   12   12   6
2025-03-03T21:12:20.904572   15   18   9
2025-03-03T21:12:20.904572   13   15   10
2025-03-03T21:12:20.904572   11   11   5
2025-03-03T21:12:20.905572   15   16   7
2025-03-03T21:12:20.905572   10   12   7
2025-03-03T21:12:20.905572   10   13   3
2025-03-03T21:12:20.906572   17   20   1
2025-03-03T21:12:20.907572   14   12   8
2025-03-03T21:12:20.907572   11   13   3
2025-03-03T21:12:20.907572   16   20   1
2025-03-03T21:12:20.908572   17   19   2
2025-03-03T21:12:20.908572   12   18   4
2025-03-03T21:12:20.909571   19   16   1
2025-03-03T21:12:20.910572   11   10   1
2025-03-03T21:12:20.910572   14   18   2
2025-03-03T21:12:20.910572   13   16   4
2025-03-03T21:12:20.911572   17   14   10
2025-03-03T21:12:50.759007   10   17   3
2025-03-03T21:12:50.760007   19   12   1
2025-03-03T21:12:50.761007   15   12   5
2025-03-03T21:12:50.761007   12   10   8
2025-03-03T21:12:50.762007   10   18   3
2025-03-03T21:12:50.762007   13   12   6
2025-03-03T21:12:50.762007   14   18   3
2025-03-03T21:12:50.763007   10   10   5
2025-03-03T21:12:50.763007   15   13   10
2025-03-03T21:12:50.763007   10   17   10
2025-03-03T21:12:50.764007   17   18   8
2025-03-03T21:12:50.764007   19   20   5
2025-03-03T21:12:50.764007   20   11   4
2025-03-03T21:12:50.765007   20   19   3
2025-03-03T21:12:50.765007   12   10   5
2025-03-03T21:12:50.765007   20   18   8
2025-03-03T21:12:50.766007   19   16   1
2025-03-03T21:12:50.766007   12   11   5
2025-03-03T21:12:50.766007   18   19   1
2025-03-03T21:12:50.767007   15   15   5
2025-03-03T21:12:50.767007   17   19   7
2025-03-03T21:12:50.767007   19   10   10
2025-03-03T21:12:50.768007   14   15   10
2025-03-03T21:12:50.768007   14   11   10
2025-03-03T21:12:50.769007   18   17   4
2025-03-03T21:12:50.769007   14   12   10
2025-03-03T21:12:50.769007   18   10   5
2025-03-03T21:12:50.770012   19   12   9
2025-03-03T21:12:50.770012   11   17   9
2025-03-03T21:12:50.770012   10   12   3
2025-03-03T21:12:50.771007   12   11   3
2025-03-03T21:12:50.771007   20   20   9
2025-03-03T21:12:50.771007   20   19   3
2025-03-03T21:12:50.772007   18   13   10
2025-03-03T21:12:50.772007   13   17   9
2025-03-03T21:12:50.772007   12   19   9
2025-03-03T21:12:50.773007   11   12   3
2025-03-03T21:12:50.773007   19   14   5
2025-03-03T21:12:50.773007   15   19   2
2025-03-03T21:12:50.774007   20   20   8
2025-03-03T21:12:50.774007   18   14   8
2025-03-03T21:12:50.774007   18   20   5
2025-03-03T21:12:50.775007   13   19   9
2025-03-03T21:12:50.775007   10   12   4
2025-03-03T21:12:50.776008   10   15   1
2025-03-03T21:12:50.776008   15   11   9
2025-03-03T21:12:50.776008   16   11   7
2025-03-03T21:12:50.777007   17   14   10
2025-03-03T21:13:27.198636   17   20   5
2025-03-03T21:13:27.200136   20   18   2
2025-03-03T21:13:27.200636   14   14   2
2025-03-03T21:13:27.201135   10   15   2
2025-03-03T21:13:27.201635   13   19   8
2025-03-03T21:13:27.201635   15   16   5
2025-03-03T21:13:27.202135   12   13   3
2025-03-03T21:13:27.202635   13   12   8
2025-03-03T21:13:27.202635   11   19   10
2025-03-03T21:13:27.203136   18   10   10
2025-03-03T21:13:27.203635   19   20   1
2025-03-03T21:13:27.203635   11   12   8
2025-03-03T21:13:27.204135   10   18   2
2025-03-03T21:13:27.204635   15   17   4
2025-03-03T21:13:27.204635   16   11   9
2025-03-03T21:13:27.205138   15   19   3
2025-03-03T21:13:27.205635   14   17   7
2025-03-03T21:13:27.206135   20   14   3
2025-03-03T21:13:27.206135   10   18   6
2025-03-03T21:13:27.206636   10   11   9
2025-03-03T21:13:27.207135   20   11   7
2025-03-03T21:13:27.207135   11   11   5
2025-03-03T21:13:27.207635   20   13   9
2025-03-03T21:13:27.208143   17   13   2
2025-03-03T21:13:27.208143   10   11   8
2025-03-03T21:13:27.208635   17   12   9
2025-03-03T21:13:27.209144   10   14   6
2025-03-03T21:13:27.209144   10   17   8
2025-03-03T21:13:27.209635   16   11   10
2025-03-03T21:13:27.210135   16   11   5
2025-03-03T21:13:27.210135   14   19   2
2025-03-03T21:13:27.210635   15   20   2
2025-03-03T21:13:27.211135   19   15   5
2025-03-03T21:13:27.211135   13   11   9
2025-03-03T21:13:27.211635   10   12   1
2025-03-03T21:13:27.212135   18   17   9
2025-03-03T21:13:27.212135   14   19   3
2025-03-03T21:13:27.212636   19   13   4
2025-03-03T21:13:27.213136   14   18   10
2025-03-03T21:13:27.213136   10   12   7
2025-03-03T21:13:27.213635   17   11   3
2025-03-03T21:13:27.214135   14   15   1
2025-03-03T21:13:27.214135   20   14   1
2025-03-03T21:13:27.214639   19   12   2
2025-03-03T21:13:27.234135   12   17   7
2025-03-03T21:13:27.234644   16   17   7
2025-03-03T21:13:27.235135   13   14   7
2025-03-03T21:13:27.235643   18   10   8
2025-03-03T22:15:40.808213   11   20   2
2025-03-03T22:15:40.810213   10   19   4
2025-03-03T22:15:40.811213   10   16   10
2025-03-03T22:15:40.811213   20   15   1
2025-03-03T22:15:40.811213   19   18   9
2025-03-03T22:15:40.812213   13   18   7
2025-03-03T22:15:40.812213   16   19   10
2025-03-03T22:15:40.812213   12   19   6
2025-03-03T22:15:40.813213   11   13   7
2025-03-03T22:15:40.813213   17   14   4
2025-03-03T22:15:40.813213   12   15   1
2025-03-03T22:15:40.814212   11   20   2
2025-03-03T22:15:40.814212   20   15   5
2025-03-03T22:15:40.815212   12   12   8
2025-03-03T22:15:40.815212   16   20   2
2025-03-03T22:15:40.815212   20   18   5
2025-03-03T22:15:40.816213   15   18   8
2025-03-03T22:15:40.816213   12   19   4
2025-03-03T22:15:40.816213   20   19   7
2025-03-03T22:15:40.817213   18   10   6
2025-03-03T22:15:40.817213   18   10   4
2025-03-03T22:15:40.818212   17   19   10
2025-03-03T22:15:40.818212   20   18   6
2025-03-03T22:15:40.818212   13   20   4
2025-03-03T22:15:40.819212   18   12   2
2025-03-03T22:15:40.819212   11   15   7
2025-03-03T22:15:40.819212   18   18   1
2025-03-03T22:15:40.820213   12   16   7
2025-03-03T22:15:40.820213   18   15   8
2025-03-03T22:15:40.820213   13   15   4
2025-03-03T22:15:40.821212   16   19   8
2025-03-03T22:15:40.821212   12   12   3
2025-03-03T22:15:40.821212   10   11   1
2025-03-03T22:15:40.822212   18   14   5
2025-03-03T22:15:40.822212   13   17   1
2025-03-03T22:15:40.822212   18   19   5
2025-03-03T22:15:40.823212   15   17   8
2025-03-03T22:15:40.823212   11   17   8
2025-03-03T22:15:40.824212   19   18   9
2025-03-03T22:15:40.824212   14   16   10
2025-03-03T22:15:40.824212   12   16   9
2025-03-03T22:15:40.825213   15   18   9
2025-03-03T22:15:40.825213   10   19   9
2025-03-03T22:15:40.825213   13   14   7
2025-03-03T22:15:40.826212   10   16   2
2025-03-03T22:15:40.826212   20   13   6
2025-03-03T22:15:40.827212   15   16   8
2025-03-03T22:15:40.827212   20   19   5
2025-03-03T22:49:00.026891   17   15   2
2025-03-03T22:49:00.028891   11   10   3
2025-03-03T22:49:00.028891   12   14   6
2025-03-03T22:49:00.028891   10   16   9
2025-03-03T22:49:00.029882   10   16   7
2025-03-03T22:49:00.029882   17   11   5
2025-03-03T22:49:00.030889   12   13   7
2025-03-03T22:49:00.030889   18   14   1
2025-03-03T22:49:00.030889   15   20   2
2025-03-03T22:49:00.031891   16   13   8
2025-03-03T22:49:00.031891   12   20   10
2025-03-03T22:49:00.031891   18   10   9
2025-03-03T22:49:00.032882   11   19   10
2025-03-03T22:49:00.032882   17   11   6
2025-03-03T22:49:00.032882   16   15   5
2025-03-03T22:49:00.033890   16   18   4
2025-03-03T22:49:00.033890   11   17   2
2025-03-03T22:49:00.033890   19   14   9
2025-03-03T22:49:00.034882   13   11   6
2025-03-03T22:49:00.034882   20   14   10
2025-03-03T22:49:00.034882   20   11   9
2025-03-03T22:49:00.035882   14   10   10
2025-03-03T22:49:00.035882   11   16   10
2025-03-03T22:49:00.035882   20   12   5
2025-03-03T22:49:00.036881   11   16   7
2025-03-03T22:49:00.036881   15   19   5
2025-03-03T22:49:00.036881   20   18   1
2025-03-03T22:49:00.037882   10   20   4
2025-03-03T22:49:00.037882   17   14   8
2025-03-03T22:49:00.037882   11   12   5
2025-03-03T22:49:00.038882   20   19   1
2025-03-03T22:49:00.038882   14   13   6
2025-03-03T22:49:00.038882   17   15   2
2025-03-03T22:49:00.039890   15   17   9
2025-03-03T22:49:00.039890   13   14   7
2025-03-03T22:49:00.039890   13   12   6
2025-03-03T22:49:00.040890   13   11   10
2025-03-03T22:49:00.040890   10   17   7
2025-03-03T22:49:00.040890   12   18   7
2025-03-03T22:49:00.041882   11   17   5
2025-03-03T22:49:00.041882   17   18   3
2025-03-03T22:49:00.041882   19   15   9
2025-03-03T22:49:00.042882   20   12   6
2025-03-03T22:49:00.042882   14   20   1
2025-03-03T22:49:00.042882   12   13   6
2025-03-03T22:49:00.043891   16   14   1
2025-03-03T22:49:00.043891   13   20   5
2025-03-03T22:49:00.044890   13   17   7
2025-03-03T22:49:28.778009   12   12   9
2025-03-03T22:49:28.779510   14   15   2
2025-03-03T22:49:28.780009   19   20   5
2025-03-03T22:49:28.780509   15   10   1
2025-03-03T22:49:28.781009   13   12   8
2025-03-03T22:49:28.781009   16   18   4
2025-03-03T22:49:28.781510   14   14   7
2025-03-03T22:49:28.782017   13   11   3
2025-03-03T22:49:28.782017   13   15   9
2025-03-03T22:49:28.782512   13   10   6
2025-03-03T22:49:28.783011   11   10   9
2025-03-03T22:49:28.783011   14   20   5
2025-03-03T22:49:28.783511   13   13   7
2025-03-03T22:49:28.784010   16   11   9
2025-03-03T22:49:28.784010   19   18   6
2025-03-03T22:49:28.784510   12   13   8
2025-03-03T22:49:28.785002   14   11   7
2025-03-03T22:49:28.785002   14   17   2
2025-03-03T22:49:28.785510   11   19   3
2025-03-03T22:49:28.786010   12   13   2
2025-03-03T22:49:28.786510   15   15   10
2025-03-03T22:49:28.787010   18   18   4
2025-03-03T22:49:28.787010   10   13   3
2025-03-03T22:49:28.787512   12   20   5
2025-03-03T22:49:28.788010   15   18   5
2025-03-03T22:49:28.788010   12   20   6
2025-03-03T22:49:28.788510   19   18   10
2025-03-03T22:49:28.789010   15   18   10
2025-03-03T22:49:28.789510   11   16   2
2025-03-03T22:49:28.789510   13   14   4
2025-03-03T22:49:28.790010   18   15   8
2025-03-03T22:49:28.790510   20   20   6
2025-03-03T22:49:28.790510   15   12   10
2025-03-03T22:49:28.791010   17   18   8
2025-03-03T22:49:28.791510   19   11   7
2025-03-03T22:49:28.791510   17   12   9
2025-03-03T22:49:28.792010   18   14   6
2025-03-03T22:49:28.792510   16   16   5
2025-03-03T22:49:28.793010   16   17   6
2025-03-03T22:49:28.793010   18   12   8
2025-03-03T22:49:28.793510   11   14   9
2025-03-03T22:49:28.794011   15   17   7
2025-03-03T22:49:28.794011   11   11   7
2025-03-03T22:49:28.794509   12   18   4
2025-03-03T22:49:28.795010   13   16   5
2025-03-03T22:49:28.795010   17   11   7
2025-03-03T22:49:28.795510   15   12   1
2025-03-03T22:49:28.796010   14   18   3
2025-03-03T22:56:17.791589   12   11   4
2025-03-03T22:56:17.793589   19   11   5
2025-03-03T22:56:17.793589   18   19   9
2025-03-03T22:56:17.793589   18   17   2
2025-03-03T22:56:17.794590   16   13   8
2025-03-03T22:56:17.794590   19   19   10
2025-03-03T22:56:17.794590   16   14   6
2025-03-03T22:56:17.795589   17   17   8
2025-03-03T22:56:17.795589   15   14   6
2025-03-03T22:56:17.795589   20   14   6
2025-03-03T22:56:17.796594   16   17   8
2025-03-03T22:56:17.796594   18   10   6
2025-03-03T22:56:17.796594   19   10   2
2025-03-03T22:56:17.797589   11   14   2
2025-03-03T22:56:17.797589   16   12   7
2025-03-03T22:56:17.797589   18   20   5
2025-03-03T22:56:17.798595   11   10   6
2025-03-03T22:56:17.798595   12   10   7
2025-03-03T22:56:17.798595   12   15   4
2025-03-03T22:56:17.799589   10   17   8
2025-03-03T22:56:17.799589   20   18   5
2025-03-03T22:56:17.799589   10   14   9
2025-03-03T22:56:17.800589   12   10   10
2025-03-03T22:56:17.800589   18   20   6
2025-03-03T22:56:17.800589   10   17   10
2025-03-03T22:56:17.801590   14   13   9
2025-03-03T22:56:17.801590   16   16   5
2025-03-03T22:56:17.801590   13   18   4
2025-03-03T22:56:17.802599   20   13   2
2025-03-03T22:56:17.802599   18   12   7
2025-03-03T22:56:17.802599   16   18   3
2025-03-03T22:56:17.803598   18   20   5
2025-03-03T22:56:17.803598   17   17   1
2025-03-03T22:56:17.803598   19   13   8
2025-03-03T22:56:17.804589   20   14   3
2025-03-03T22:56:17.804589   12   20   3
2025-03-03T22:56:17.804589   15   16   10
2025-03-03T22:56:17.805589   11   13   8
2025-03-03T22:56:17.805589   19   11   5
2025-03-03T22:56:17.805589   10   12   4
2025-03-03T22:56:17.806594   15   18   2
2025-03-03T22:56:17.806594   12   20   9
2025-03-03T22:56:17.806594   12   16   1
2025-03-03T22:56:17.807589   13   17   3
2025-03-03T22:56:17.807589   17   11   4
2025-03-03T22:56:17.808590   18   13   8
2025-03-03T22:56:17.808590   11   14   9
2025-03-03T22:56:17.808590   19   19   3
2025-03-03T22:57:08.144776   12   10   6
2025-03-03T22:57:08.146776   18   13   3
2025-03-03T22:57:08.146776   12   14   5
2025-03-03T22:57:08.146776   14   12   9
2025-03-03T22:57:08.147776   20   13   3
2025-03-03T22:57:08.147776   19   15   5
2025-03-03T22:57:08.147776   14   19   3
2025-03-03T22:57:08.148776   13   17   2
2025-03-03T22:57:08.148776   12   10   3
2025-03-03T22:57:08.148776   18   13   1
2025-03-03T22:57:08.149776   18   18   4
2025-03-03T22:57:08.149776   18   15   4
2025-03-03T22:57:08.150777   13   19   6
2025-03-03T22:57:08.150777   13   17   4
2025-03-03T22:57:08.150777   19   11   5
2025-03-03T22:57:08.151776   20   15   2
2025-03-03T22:57:08.151776   14   15   10
2025-03-03T22:57:08.151776   16   15   8
2025-03-03T22:57:08.152776   13   12   1
2025-03-03T22:57:08.152776   12   11   3
2025-03-03T22:57:08.152776   17   17   3
2025-03-03T22:57:08.153776   16   14   8
2025-03-03T22:57:08.153776   18   12   3
2025-03-03T22:57:08.153776   15   15   1
2025-03-03T22:57:08.154776   16   10   6
2025-03-03T22:57:08.154776   18   19   9
2025-03-03T22:57:08.154776   19   17   7
2025-03-03T22:57:08.155776   20   14   9
2025-03-03T22:57:08.155776   12   16   2
2025-03-03T22:57:08.155776   10   13   7
2025-03-03T22:57:08.156776   18   20   8
2025-03-03T22:57:08.156776   20   10   10
2025-03-03T22:57:08.156776   14   15   7
2025-03-03T22:57:08.157776   14   19   2
2025-03-03T22:57:08.157776   13   15   5
2025-03-03T22:57:08.157776   17   16   3
2025-03-03T22:57:08.158776   10   15   10
2025-03-03T22:57:08.158776   20   13   1
2025-03-03T22:57:08.158776   19   19   1
2025-03-03T22:57:08.159776   20   12   9
2025-03-03T22:57:08.159776   20   19   9
2025-03-03T22:57:08.160776   16   19   3
2025-03-03T22:57:08.160776   20   10   6
2025-03-03T22:57:08.160776   13   12   1
2025-03-03T22:57:08.161776   11   15   7
2025-03-03T22:57:08.161776   16   12   9
2025-03-03T22:57:08.161776   15   11   3
2025-03-03T22:57:08.162776   16   10   8
2025-03-03T23:02:24.701498   18   12   1
2025-03-03T23:02:24.703505   12   16   5
2025-03-03T23:02:24.704499   18   15   3
2025-03-03T23:02:24.704499   14   16   1
2025-03-03T23:02:24.704499   11   14   7
2025-03-03T23:02:24.705499   14   16   9
2025-03-03T23:02:24.705499   13   20   9
2025-03-03T23:02:24.705499   18   18   5
2025-03-03T23:02:24.706498   11   18   6
2025-03-03T23:02:24.706498   17   10   6
2025-03-03T23:02:24.706498   11   17   4
2025-03-03T23:02:24.707498   13   17   6
2025-03-03T23:02:24.707498   15   11   6
2025-03-03T23:02:24.707498   16   14   10
2025-03-03T23:02:24.708499   17   12   8
2025-03-03T23:02:24.708499   18   15   6
2025-03-03T23:02:24.708499   17   19   2
2025-03-03T23:02:24.709499   10   16   7
2025-03-03T23:02:24.709499   12   10   4
2025-03-03T23:02:24.709499   10   17   8
2025-03-03T23:02:24.710498   13   18   3
2025-03-03T23:02:24.710498   18   17   4
2025-03-03T23:02:24.710498   11   12   10
2025-03-03T23:02:24.711498   18   12   2
2025-03-03T23:02:24.711498   17   13   5
2025-03-03T23:02:24.711498   15   12   9
2025-03-03T23:02:24.712498   13   13   10
2025-03-03T23:02:24.712498   20   18   10
2025-03-03T23:02:24.712498   16   10   7
2025-03-03T23:02:24.713498   14   20   7
2025-03-03T23:02:24.713498   19   14   7
2025-03-03T23:02:24.713498   11   20   1
2025-03-03T23:02:24.714498   17   19   1
2025-03-03T23:02:24.714498   20   20   2
2025-03-03T23:02:24.714498   14   10   4
2025-03-03T23:02:24.715499   11   12   8
2025-03-03T23:02:24.715499   10   18   7
2025-03-03T23:02:24.715499   11   15   5
2025-03-03T23:02:24.716498   18   13   2
2025-03-03T23:02:24.716498   16   15   8
2025-03-03T23:02:24.717499   19   10   4
2025-03-03T23:02:24.717499   11   16   8
2025-03-03T23:02:24.717499   10   16   4
2025-03-03T23:02:24.718499   19   14   1
2025-03-03T23:02:24.718499   20   15   2
2025-03-03T23:02:24.718499   16   19   4
2025-03-03T23:02:24.719499   12   11   10
2025-03-03T23:02:24.719499   10   15   9
2025-03-03T23:03:02.096794   15   18   1
2025-03-03T23:03:02.098798   10   20   10
2025-03-03T23:03:02.098798   12   16   2
2025-03-03T23:03:02.099794   18   13   8
2025-03-03T23:03:02.099794   18   17   1
2025-03-03T23:03:02.100794   20   11   10
2025-03-03T23:03:02.100794   12   17   4
2025-03-03T23:03:02.100794   18   10   6
2025-03-03T23:03:02.101794   13   12   7
2025-03-03T23:03:02.101794   10   17   7
2025-03-03T23:03:02.102794   12   16   10
2025-03-03T23:03:02.102794   19   12   4
2025-03-03T23:03:02.102794   16   13   3
2025-03-03T23:03:02.103794   16   14   6
2025-03-03T23:03:02.103794   12   12   3
2025-03-03T23:03:02.103794   17   15   1
2025-03-03T23:03:02.104794   19   10   7
2025-03-03T23:03:02.104794   12   12   9
2025-03-03T23:03:02.104794   19   10   4
2025-03-03T23:03:02.105794   16   13   2
2025-03-03T23:03:02.105794   12   10   9
2025-03-03T23:03:02.105794   17   11   4
2025-03-03T23:03:02.106794   14   14   9
2025-03-03T23:03:02.106794   10   18   10
2025-03-03T23:03:02.106794   20   11   9
2025-03-03T23:03:02.107795   18   15   2
2025-03-03T23:03:02.107795   12   11   5
2025-03-03T23:03:02.108794   15   17   10
2025-03-03T23:03:02.108794   12   16   10
2025-03-03T23:03:02.108794   10   18   3
2025-03-03T23:03:02.109794   18   20   8
2025-03-03T23:03:02.109794   19   10   4
2025-03-03T23:03:02.109794   10   11   8
2025-03-03T23:03:02.110794   17   13   3
2025-03-03T23:03:02.110794   11   20   4
2025-03-03T23:03:02.110794   19   19   9
2025-03-03T23:03:02.111794   10   10   10
2025-03-03T23:03:02.111794   11   19   5
2025-03-03T23:03:02.111794   18   12   2
2025-03-03T23:03:02.112794   19   18   2
2025-03-03T23:03:02.112794   13   14   2
2025-03-03T23:03:02.112794   10   13   7
2025-03-03T23:03:02.113794   15   15   8
2025-03-03T23:03:02.113794   10   12   7
2025-03-03T23:03:02.114794   17   12   3
2025-03-03T23:03:02.114794   20   17   2
2025-03-03T23:03:02.114794   19   10   4
2025-03-03T23:03:02.115794   10   15   6
2025-03-03T23:03:17.735586   18   10   1
2025-03-03T23:03:17.737583   19   18   2
2025-03-03T23:03:17.737583   10   18   8
2025-03-03T23:03:17.738583   17   11   9
2025-03-03T23:03:17.738583   18   14   1
2025-03-03T23:03:17.738583   14   13   8
2025-03-03T23:03:17.739583   11   15   9
2025-03-03T23:03:17.739583   19   18   4
2025-03-03T23:03:17.740584   18   13   10
2025-03-03T23:03:17.740584   12   17   6
2025-03-03T23:03:17.740584   20   13   1
2025-03-03T23:03:17.741584   20   18   6
2025-03-03T23:03:17.741584   12   10   7
2025-03-03T23:03:17.741584   20   11   7
2025-03-03T23:03:17.742583   14   20   8
2025-03-03T23:03:17.742583   19   17   9
2025-03-03T23:03:17.742583   14   15   5
2025-03-03T23:03:17.743583   20   17   10
2025-03-03T23:03:17.743583   19   19   5
2025-03-03T23:03:17.743583   15   14   10
2025-03-03T23:03:17.744583   14   15   6
2025-03-03T23:03:17.744583   19   18   2
2025-03-03T23:03:17.744583   15   17   2
2025-03-03T23:03:17.745583   13   20   2
2025-03-03T23:03:17.745583   11   18   2
2025-03-03T23:03:17.745583   19   19   3
2025-03-03T23:03:17.746585   13   19   10
2025-03-03T23:03:17.746585   12   11   4
2025-03-03T23:03:17.747584   18   12   1
2025-03-03T23:03:17.747584   12   14   8
2025-03-03T23:03:17.747584   14   19   7
2025-03-03T23:03:17.748585   19   20   1
2025-03-03T23:03:17.748585   11   12   7
2025-03-03T23:03:17.748585   11   12   4
2025-03-03T23:03:17.749584   10   16   8
2025-03-03T23:03:17.749584   14   12   6
2025-03-03T23:03:17.749584   12   20   8
2025-03-03T23:03:17.750584   17   20   2
2025-03-03T23:03:17.750584   11   15   7
2025-03-03T23:03:17.751584   15   16   8
2025-03-03T23:03:17.751584   14   20   6
2025-03-03T23:03:17.752587   13   15   10
2025-03-03T23:03:17.752587   12   11   9
2025-03-03T23:03:17.752587   19   18   5
2025-03-03T23:03:17.753585   11   10   10
2025-03-03T23:03:17.753585   11   15   3
2025-03-03T23:03:17.753585   13   20   5
2025-03-03T23:03:17.754584   15   10   2
